0 0.176071 0.223750 0.166429 0.152500
0 0.345000 0.223750 0.170000 0.147500
0 0.673214 0.220000 0.169286 0.140000
0 0.841786 0.216250 0.167857 0.147500
0 0.177143 0.386250 0.162857 0.155000
0 0.344643 0.380000 0.169286 0.157500
0 0.510357 0.376875 0.167857 0.151250
0 0.676429 0.375000 0.172857 0.150000
0 0.846071 0.368750 0.169286 0.155000
0 0.178571 0.538750 0.167143 0.152500
0 0.345357 0.536875 0.169286 0.156250
0 0.510000 0.533750 0.170000 0.152500
0 0.681071 0.527500 0.166429 0.157500
0 0.846786 0.526250 0.165000 0.155000
0 0.181786 0.691250 0.166429 0.152500
0 0.348214 0.694375 0.160714 0.143750
0 0.518929 0.682500 0.165000 0.157500
0 0.682500 0.682500 0.166429 0.155000
0 0.847143 0.685000 0.168571 0.145000
0 0.183929 0.842500 0.165000 0.145000
0 0.348571 0.845000 0.161429 0.157500
0 0.515357 0.849375 0.170714 0.168750
0 0.680000 0.843750 0.162857 0.147500
0 0.850714 0.843750 0.168571 0.142500