0 0.169643 0.219375 0.166429 0.148750
0 0.341786 0.215000 0.169286 0.155000
0 0.670000 0.216250 0.174286 0.152500
0 0.843214 0.211875 0.172143 0.156250
0 0.169643 0.380000 0.166429 0.150000
0 0.337143 0.375625 0.168571 0.153750
0 0.506071 0.371250 0.172143 0.152500
0 0.675000 0.370625 0.170000 0.161250
0 0.845714 0.366875 0.167143 0.158750
0 0.169643 0.538125 0.169286 0.153750
0 0.337143 0.534375 0.170000 0.151250
0 0.507500 0.531250 0.169286 0.160000
0 0.677500 0.530625 0.173571 0.158750
0 0.846786 0.528750 0.170714 0.155000
0 0.172143 0.694375 0.170000 0.158750
0 0.339643 0.695625 0.167857 0.161250
0 0.509643 0.699375 0.175000 0.176250
0 0.677500 0.693750 0.172143 0.152500
0 0.846786 0.691875 0.172143 0.146250
0 0.178571 0.855000 0.168571 0.157500
0 0.343929 0.856875 0.162143 0.168750
0 0.508214 0.868125 0.175000 0.161250
0 0.680357 0.851875 0.170714 0.156250
0 0.850714 0.845625 0.165714 0.156250