0 0.172857 0.216250 0.165714 0.152500
0 0.340714 0.214375 0.164286 0.153750
0 0.670714 0.206250 0.167143 0.157500
0 0.838214 0.208125 0.167857 0.158750
0 0.174286 0.377500 0.167143 0.157500
0 0.339643 0.371875 0.165000 0.153750
0 0.507500 0.370625 0.170714 0.156250
0 0.675357 0.369375 0.162143 0.153750
0 0.840357 0.366875 0.167857 0.153750
0 0.174286 0.533125 0.168571 0.153750
0 0.340357 0.530000 0.169286 0.155000
0 0.505000 0.525000 0.170000 0.165000
0 0.675714 0.528125 0.168571 0.153750
0 0.840357 0.527500 0.166429 0.157500
0 0.175714 0.687500 0.165714 0.155000
0 0.339643 0.684375 0.167857 0.161250
0 0.506786 0.683125 0.169286 0.158750
0 0.677500 0.690000 0.166429 0.155000
0 0.842500 0.681875 0.166429 0.151250
0 0.179286 0.845625 0.165714 0.153750
0 0.344286 0.853125 0.164286 0.171250
0 0.509643 0.847500 0.172143 0.170000
0 0.678214 0.848750 0.163571 0.155000
0 0.845714 0.841250 0.161429 0.152500