0 0.168929 0.215000 0.167857 0.155000
0 0.340000 0.213750 0.170000 0.152500
0 0.508929 0.208750 0.167857 0.162500
0 0.846071 0.206250 0.175000 0.162500
0 0.167500 0.383125 0.169286 0.158750
0 0.336786 0.376250 0.167857 0.155000
0 0.507143 0.371875 0.171429 0.161250
0 0.680357 0.371875 0.172143 0.158750
0 0.852143 0.370625 0.171429 0.161250
0 0.167857 0.539375 0.167143 0.153750
0 0.338571 0.537500 0.168571 0.162500
0 0.508214 0.532500 0.173571 0.170000
0 0.682857 0.531250 0.172857 0.155000
0 0.852857 0.531875 0.170000 0.156250
0 0.170357 0.696250 0.169286 0.157500
0 0.340357 0.695625 0.175000 0.153750
0 0.512857 0.693750 0.170000 0.147500
0 0.685357 0.690000 0.170714 0.155000
0 0.851786 0.690000 0.166429 0.150000
0 0.176071 0.854375 0.172143 0.148750
0 0.346786 0.858750 0.162143 0.162500
0 0.513214 0.850625 0.170714 0.146250
0 0.681429 0.853750 0.171429 0.145000
0 0.852143 0.849375 0.167143 0.141250