0 0.170000 0.224375 0.165714 0.153750
0 0.339286 0.223125 0.165714 0.156250
0 0.674286 0.219375 0.171429 0.153750
0 0.844643 0.213750 0.170714 0.160000
0 0.168214 0.385625 0.167857 0.161250
0 0.336429 0.386875 0.168571 0.156250
0 0.506786 0.378750 0.172143 0.155000
0 0.675000 0.376875 0.175714 0.168750
0 0.847500 0.371250 0.169286 0.160000
0 0.170000 0.540625 0.170000 0.153750
0 0.336429 0.537500 0.171429 0.165000
0 0.510000 0.535000 0.168571 0.157500
0 0.680714 0.534375 0.167143 0.156250
0 0.848571 0.531875 0.164286 0.151250
0 0.173214 0.699375 0.169286 0.153750
0 0.341429 0.700000 0.170000 0.150000
0 0.512143 0.694375 0.167143 0.158750
0 0.677857 0.693125 0.170000 0.143750
0 0.847857 0.688125 0.167143 0.156250
0 0.176786 0.850625 0.167857 0.151250
0 0.343929 0.853125 0.166429 0.146250
0 0.513214 0.853125 0.170714 0.163750
0 0.679643 0.849375 0.173571 0.153750
0 0.848929 0.846250 0.166429 0.150000