0 0.174643 0.211875 0.166429 0.148750
0 0.338929 0.211250 0.166429 0.152500
0 0.674286 0.212500 0.167143 0.150000
0 0.841786 0.206875 0.169286 0.153750
0 0.174286 0.375000 0.165714 0.152500
0 0.341071 0.368125 0.169286 0.161250
0 0.509643 0.365000 0.169286 0.152500
0 0.678571 0.364375 0.165714 0.151250
0 0.844643 0.365000 0.172143 0.155000
0 0.175000 0.533750 0.164286 0.150000
0 0.340357 0.531250 0.169286 0.155000
0 0.509286 0.530625 0.168571 0.158750
0 0.678214 0.526875 0.170714 0.161250
0 0.845000 0.526875 0.165714 0.148750
0 0.176786 0.690625 0.166429 0.153750
0 0.343571 0.688125 0.165714 0.163750
0 0.512857 0.689375 0.165714 0.153750
0 0.678214 0.686250 0.172143 0.155000
0 0.848929 0.683125 0.166429 0.146250
0 0.179643 0.845000 0.167857 0.152500
0 0.346786 0.847500 0.165000 0.152500
0 0.513214 0.845625 0.165000 0.156250
0 0.680357 0.843125 0.169286 0.156250
0 0.847143 0.843750 0.165714 0.147500