0 0.168571 0.215000 0.165714 0.145000
0 0.338214 0.213750 0.165000 0.150000
0 0.667143 0.210000 0.168571 0.155000
0 0.840714 0.208750 0.167143 0.155000
0 0.168214 0.376250 0.167857 0.165000
0 0.333214 0.372500 0.166429 0.165000
0 0.504286 0.371875 0.165714 0.156250
0 0.670357 0.368750 0.170714 0.160000
0 0.841429 0.368125 0.165714 0.156250
0 0.166786 0.538125 0.169286 0.148750
0 0.334286 0.531250 0.167143 0.160000
0 0.504286 0.526875 0.171429 0.156250
0 0.671429 0.526250 0.170000 0.165000
0 0.840714 0.526250 0.167143 0.155000
0 0.171786 0.690000 0.165000 0.150000
0 0.337143 0.687500 0.164286 0.157500
0 0.505714 0.685625 0.164286 0.158750
0 0.672857 0.689375 0.168571 0.161250
0 0.839643 0.683750 0.165000 0.147500
0 0.173571 0.846250 0.170000 0.155000
0 0.338571 0.843750 0.167143 0.147500
0 0.506786 0.843750 0.165000 0.152500
0 0.671071 0.842500 0.169286 0.155000
0 0.837857 0.841875 0.162857 0.151250