0 0.170000 0.222500 0.165714 0.160000
0 0.338929 0.224375 0.172143 0.148750
0 0.509643 0.218125 0.172143 0.158750
0 0.841429 0.215000 0.172857 0.150000
0 0.171786 0.378125 0.166429 0.161250
0 0.339643 0.381250 0.170714 0.160000
0 0.507857 0.376875 0.174286 0.163750
0 0.679286 0.376875 0.172857 0.163750
0 0.850000 0.371875 0.170000 0.158750
0 0.172857 0.540625 0.165714 0.161250
0 0.338214 0.540625 0.173571 0.153750
0 0.508214 0.535625 0.172143 0.158750
0 0.676429 0.530000 0.170000 0.160000
0 0.848929 0.529375 0.167857 0.161250
0 0.174643 0.693750 0.167857 0.157500
0 0.340000 0.692500 0.170000 0.155000
0 0.508571 0.694375 0.170000 0.156250
0 0.678214 0.690000 0.173571 0.155000
0 0.847857 0.691875 0.171429 0.148750
0 0.176786 0.850000 0.170714 0.152500
0 0.344286 0.851875 0.170000 0.158750
0 0.512143 0.848750 0.170000 0.147500
0 0.680714 0.844375 0.168571 0.153750
0 0.848929 0.844375 0.169286 0.158750