0 0.171071 0.215000 0.163571 0.145000
0 0.336429 0.213125 0.168571 0.148750
0 0.505357 0.214375 0.169286 0.146250
0 0.842500 0.210000 0.165000 0.150000
0 0.173929 0.373125 0.166429 0.151250
0 0.339643 0.375000 0.166429 0.162500
0 0.506786 0.368125 0.170714 0.151250
0 0.676429 0.371250 0.168571 0.150000
0 0.843571 0.369375 0.167143 0.156250
0 0.178214 0.536875 0.162143 0.151250
0 0.345000 0.533125 0.161429 0.153750
0 0.508571 0.529375 0.167143 0.161250
0 0.675357 0.527500 0.169286 0.157500
0 0.848571 0.526875 0.164286 0.156250
0 0.175714 0.686875 0.165714 0.153750
0 0.342143 0.695000 0.167143 0.155000
0 0.512500 0.686875 0.163571 0.156250
0 0.678214 0.685000 0.170714 0.155000
0 0.846786 0.684375 0.165000 0.156250
0 0.178571 0.845000 0.168571 0.152500
0 0.346786 0.852500 0.165000 0.160000
0 0.513571 0.851875 0.167143 0.168750
0 0.680714 0.843750 0.167143 0.155000
0 0.846786 0.841875 0.170714 0.153750