0 0.174286 0.211250 0.165714 0.152500
0 0.342500 0.210000 0.167857 0.150000
0 0.673571 0.208750 0.178571 0.152500
0 0.841786 0.200625 0.175000 0.156250
0 0.172143 0.378750 0.167143 0.155000
0 0.337857 0.371875 0.171429 0.153750
0 0.508929 0.369375 0.173571 0.158750
0 0.679286 0.364375 0.170000 0.161250
0 0.847143 0.365625 0.172857 0.161250
0 0.172857 0.539375 0.165714 0.156250
0 0.341786 0.535000 0.172143 0.157500
0 0.511071 0.524375 0.167857 0.163750
0 0.681786 0.530000 0.172143 0.160000
0 0.849286 0.528750 0.172857 0.160000
0 0.176786 0.694375 0.166429 0.151250
0 0.343214 0.695000 0.169286 0.145000
0 0.512500 0.692500 0.172143 0.160000
0 0.681786 0.686250 0.172143 0.152500
0 0.855714 0.686250 0.170000 0.152500
0 0.180000 0.846875 0.165714 0.153750
0 0.348571 0.854375 0.172857 0.163750
0 0.515714 0.854375 0.162857 0.171250
0 0.681786 0.846875 0.169286 0.148750
0 0.848571 0.846875 0.172857 0.151250