15 0.151000 0.205000 0.152667 0.116667
15 0.322667 0.206111 0.156000 0.123333
15 0.493333 0.198333 0.158667 0.130000
15 0.660333 0.193889 0.152667 0.114444
15 0.831333 0.184444 0.154667 0.128889
15 0.826667 0.341667 0.150667 0.127778
15 0.659000 0.353333 0.158000 0.122222
15 0.487667 0.351111 0.162000 0.124444
15 0.316667 0.360000 0.157333 0.128889
15 0.148667 0.361111 0.158667 0.131111
15 0.147000 0.516111 0.163333 0.125556
15 0.315333 0.509444 0.157333 0.121111
15 0.484667 0.509444 0.156000 0.130000
15 0.656333 0.498889 0.158000 0.128889
15 0.824667 0.493333 0.160000 0.126667
15 0.816667 0.645556 0.154667 0.126667
15 0.650333 0.650000 0.158000 0.122222
15 0.482000 0.656667 0.161333 0.122222
15 0.314333 0.661667 0.155333 0.125556
15 0.147333 0.665556 0.154667 0.126667
15 0.151667 0.815556 0.158000 0.131111
15 0.317000 0.807222 0.151333 0.121111
15 0.484000 0.802778 0.156000 0.114444
15 0.648000 0.800556 0.158667 0.127778
15 0.813333 0.796111 0.160000 0.127778
