0 0.149632 0.185526 0.156618 0.144737
0 0.318382 0.176974 0.166176 0.151316
0 0.494118 0.176316 0.179412 0.147368
0 0.676471 0.182237 0.176471 0.151316
0 0.848897 0.184211 0.155147 0.147368
0 0.155882 0.353289 0.160294 0.140789
0 0.327574 0.360526 0.171324 0.165789
0 0.502206 0.363816 0.177941 0.164474
0 0.681618 0.351974 0.180882 0.140789
0 0.856250 0.357895 0.162500 0.134211
0 0.161765 0.520395 0.155882 0.153947
0 0.336397 0.531579 0.165441 0.150000
0 0.509926 0.531579 0.174265 0.155263
0 0.687868 0.530921 0.175735 0.146053
0 0.864338 0.523684 0.156618 0.134211
0 0.171691 0.685526 0.149265 0.144737
0 0.342279 0.698684 0.166912 0.157895
0 0.517279 0.703289 0.171324 0.156579
0 0.696324 0.697368 0.169118 0.157895
0 0.866544 0.694737 0.159559 0.142105
0 0.186029 0.850658 0.158824 0.153947
0 0.353676 0.862500 0.163235 0.153947
0 0.526838 0.863158 0.165441 0.142105
0 0.698529 0.854605 0.160294 0.132895
0 0.865074 0.850000 0.161029 0.142105