0 0.148667 0.210000 0.162667 0.131111
0 0.320333 0.210000 0.158000 0.128889
0 0.490333 0.200556 0.162000 0.138889
0 0.663667 0.196667 0.164667 0.126667
0 0.831667 0.188333 0.160667 0.141111
0 0.828000 0.343333 0.157333 0.140000
0 0.658667 0.354444 0.164000 0.124444
0 0.488667 0.357222 0.161333 0.132222
0 0.316667 0.362778 0.160000 0.130000
0 0.145333 0.367222 0.154667 0.136667
0 0.144333 0.520000 0.163333 0.133333
0 0.312333 0.513889 0.163333 0.132222
0 0.484000 0.511111 0.158667 0.137778
0 0.654333 0.503889 0.163333 0.130000
0 0.823000 0.495000 0.159333 0.130000
0 0.820333 0.649444 0.162000 0.123333
0 0.649667 0.658333 0.159333 0.132222
0 0.480000 0.662222 0.162667 0.133333
0 0.310667 0.667222 0.162667 0.136667
0 0.143000 0.667222 0.158000 0.134444
0 0.145667 0.819444 0.159333 0.127778
0 0.313000 0.816111 0.162000 0.132222
0 0.479333 0.815000 0.158667 0.136667
0 0.647333 0.806111 0.156000 0.134444
0 0.815000 0.798333 0.159333 0.127778