0 0.152667 0.206111 0.168000 0.141111
0 0.323667 0.203889 0.168667 0.134444
0 0.493000 0.196111 0.167333 0.141111
0 0.663000 0.183333 0.162000 0.131111
0 0.832333 0.173333 0.162000 0.144444
0 0.146000 0.359444 0.161333 0.147778
0 0.316333 0.358333 0.163333 0.136667
0 0.488667 0.352778 0.169333 0.136667
0 0.660333 0.338333 0.163333 0.132222
0 0.827000 0.328889 0.168667 0.137778
0 0.143667 0.513889 0.166000 0.145556
0 0.313333 0.509444 0.169333 0.138889
0 0.482000 0.505000 0.169333 0.145556
0 0.656333 0.495556 0.167333 0.140000
0 0.824000 0.480000 0.160000 0.135556
0 0.142667 0.665000 0.161333 0.136667
0 0.306667 0.661111 0.164000 0.140000
0 0.472333 0.654444 0.164667 0.135556
0 0.645667 0.649444 0.160667 0.136667
0 0.815667 0.632778 0.162000 0.136667
0 0.146333 0.811667 0.163333 0.134444
0 0.310333 0.808889 0.164667 0.137778
0 0.477000 0.804444 0.164667 0.135556
0 0.644000 0.799444 0.170667 0.134444
0 0.813667 0.781111 0.164667 0.137778