0 0.143382 0.180263 0.160294 0.152632
0 0.312868 0.177632 0.165441 0.150000
0 0.494853 0.181579 0.172059 0.147368
0 0.677206 0.178947 0.166176 0.155263
0 0.846324 0.187500 0.151471 0.143421
0 0.855882 0.353289 0.151471 0.146053
0 0.679044 0.357237 0.166912 0.151316
0 0.497426 0.357895 0.171324 0.152632
0 0.319853 0.356579 0.160294 0.152632
0 0.154044 0.353947 0.155147 0.147368
0 0.155882 0.519737 0.151471 0.152632
0 0.327206 0.530921 0.164706 0.153947
0 0.502941 0.534868 0.170588 0.156579
0 0.687132 0.530263 0.163971 0.157895
0 0.858088 0.521053 0.158824 0.139474
0 0.862500 0.689474 0.155882 0.131579
0 0.691176 0.696711 0.163235 0.138158
0 0.514706 0.704605 0.163235 0.140789
0 0.336397 0.700000 0.165441 0.144737
0 0.168750 0.688158 0.155147 0.152632
0 0.177206 0.849342 0.154412 0.135526
0 0.344485 0.859211 0.161029 0.142105
0 0.517279 0.863158 0.162500 0.136842
0 0.690809 0.863816 0.159559 0.135526
0 0.861029 0.850658 0.157353 0.132895