0 0.154779 0.188158 0.166912 0.139474
0 0.321691 0.182895 0.168382 0.171053
0 0.500000 0.184868 0.173529 0.159211
0 0.676838 0.182237 0.175735 0.161842
0 0.847059 0.186184 0.158824 0.151316
0 0.851103 0.351316 0.163971 0.157895
0 0.680515 0.356579 0.174265 0.165789
0 0.501471 0.353289 0.182353 0.169737
0 0.327941 0.353947 0.167647 0.165789
0 0.156250 0.353289 0.163971 0.159211
0 0.167279 0.518421 0.159559 0.163158
0 0.334559 0.527632 0.167647 0.163158
0 0.507721 0.528947 0.175735 0.157895
0 0.685294 0.525000 0.172059 0.160526
0 0.855515 0.518421 0.158088 0.147368
0 0.857353 0.678947 0.158824 0.147368
0 0.688603 0.690789 0.166912 0.152632
0 0.515074 0.694737 0.169853 0.157895
0 0.342279 0.690789 0.169853 0.165789
0 0.176838 0.679605 0.161029 0.159211
0 0.184191 0.838816 0.163971 0.156579
0 0.350368 0.854605 0.163971 0.159211
0 0.519853 0.859868 0.167647 0.148684
0 0.690441 0.850658 0.169118 0.143421
0 0.856618 0.840132 0.160294 0.143421
