0 0.155333 0.223889 0.172000 0.150000
0 0.326667 0.217222 0.170667 0.141111
0 0.498000 0.213333 0.170667 0.144444
0 0.668333 0.202222 0.170000 0.135556
0 0.840000 0.190000 0.170667 0.140000
0 0.840333 0.347778 0.167333 0.144444
0 0.665000 0.358333 0.172667 0.143333
0 0.494000 0.367222 0.170667 0.143333
0 0.323333 0.373333 0.169333 0.135556
0 0.151333 0.381111 0.166667 0.153333
0 0.149000 0.532222 0.170000 0.151111
0 0.319000 0.527222 0.168667 0.145556
0 0.493667 0.521111 0.172667 0.148889
0 0.664000 0.511111 0.173333 0.142222
0 0.837333 0.502778 0.169333 0.138889
0 0.828667 0.658889 0.170667 0.137778
0 0.660667 0.668889 0.168000 0.148889
0 0.489333 0.677778 0.176000 0.151111
0 0.318667 0.680556 0.169333 0.150000
0 0.151000 0.687222 0.166000 0.145556
0 0.154000 0.837778 0.168000 0.146667
0 0.320667 0.833333 0.164000 0.148889
0 0.490000 0.826111 0.166667 0.147778
0 0.657333 0.823333 0.169333 0.137778
0 0.830667 0.805556 0.169333 0.142222
