0 0.150000 0.180921 0.157353 0.143421
0 0.318015 0.181579 0.162500 0.147368
0 0.495588 0.176974 0.172059 0.156579
0 0.677206 0.178947 0.172059 0.163158
0 0.845588 0.182895 0.150000 0.147368
0 0.851103 0.350000 0.153676 0.147368
0 0.677574 0.355263 0.163971 0.152632
0 0.500000 0.355921 0.167647 0.156579
0 0.321691 0.354605 0.162500 0.153947
0 0.150735 0.349342 0.148529 0.146053
0 0.162500 0.515132 0.154412 0.148684
0 0.327941 0.523684 0.160294 0.150000
0 0.506250 0.526974 0.165441 0.148684
0 0.685294 0.526974 0.164706 0.148684
0 0.856618 0.519737 0.155882 0.147368
0 0.861765 0.684868 0.150000 0.143421
0 0.688603 0.694079 0.163971 0.146053
0 0.514338 0.700000 0.165441 0.144737
0 0.338971 0.692105 0.160294 0.150000
0 0.170221 0.680263 0.155147 0.144737
0 0.180882 0.843421 0.154412 0.144737
0 0.345956 0.855263 0.156618 0.136842
0 0.516544 0.863158 0.162500 0.136842
0 0.688603 0.854605 0.156618 0.132895
0 0.854044 0.844737 0.150735 0.131579