15 0.152941 0.175000 0.163235 0.144737
15 0.319853 0.174342 0.167647 0.159211
15 0.493750 0.170395 0.174265 0.156579
15 0.671691 0.169737 0.172794 0.157895
15 0.841912 0.182895 0.160294 0.160526
15 0.154044 0.344737 0.159559 0.144737
15 0.322426 0.349342 0.175735 0.164474
15 0.502206 0.348026 0.179412 0.164474
15 0.677941 0.350658 0.172059 0.172368
15 0.847426 0.346711 0.165441 0.151316
15 0.163971 0.515132 0.158824 0.156579
15 0.331985 0.521053 0.168382 0.168421
15 0.510662 0.525000 0.175735 0.157895
15 0.684926 0.519737 0.171324 0.155263
15 0.856985 0.517105 0.163971 0.147368
15 0.173897 0.682895 0.156618 0.155263
15 0.343015 0.694079 0.169853 0.156579
15 0.516912 0.693421 0.167647 0.160526
15 0.690441 0.688816 0.175000 0.151316
15 0.859926 0.684211 0.162500 0.150000
15 0.188971 0.843421 0.160294 0.160526
15 0.352941 0.857237 0.164706 0.153947
15 0.521691 0.857237 0.162500 0.146053
15 0.693382 0.852632 0.166176 0.139474
15 0.858088 0.844737 0.158824 0.139474
