0 0.155667 0.231667 0.171333 0.158889
0 0.327000 0.223333 0.176667 0.146667
0 0.498333 0.217778 0.178000 0.153333
0 0.671333 0.202222 0.177333 0.153333
0 0.843667 0.196667 0.174000 0.153333
0 0.841667 0.351667 0.166000 0.145556
0 0.666333 0.366111 0.175333 0.143333
0 0.494667 0.376111 0.170667 0.141111
0 0.323333 0.378889 0.168000 0.140000
0 0.149333 0.384444 0.170667 0.148889
0 0.149000 0.542778 0.170000 0.152222
0 0.319667 0.536111 0.168667 0.145556
0 0.491333 0.529444 0.170667 0.143333
0 0.665333 0.522778 0.170667 0.138889
0 0.836333 0.507778 0.168667 0.137778
0 0.833333 0.660000 0.165333 0.133333
0 0.662000 0.673889 0.172000 0.138889
0 0.490667 0.683333 0.166667 0.140000
0 0.317000 0.687778 0.166000 0.142222
0 0.146333 0.696667 0.167333 0.142222
0 0.151333 0.842778 0.166667 0.136667
0 0.320333 0.838889 0.167333 0.146667
0 0.489667 0.835556 0.171333 0.140000
0 0.658667 0.827222 0.168000 0.134444
0 0.828333 0.813889 0.164667 0.132222
