0 0.152333 0.201111 0.170000 0.162222
0 0.321667 0.200556 0.172667 0.156667
0 0.493333 0.196111 0.170667 0.154444
0 0.663667 0.184444 0.172667 0.153333
0 0.834333 0.171667 0.171333 0.156667
0 0.831333 0.329444 0.169333 0.145556
0 0.661333 0.342778 0.173333 0.152222
0 0.489667 0.347778 0.174000 0.153333
0 0.317667 0.353889 0.174000 0.150000
0 0.147000 0.356667 0.170000 0.157778
0 0.145000 0.514444 0.170000 0.157778
0 0.314333 0.513333 0.170000 0.160000
0 0.485667 0.506111 0.174000 0.154444
0 0.656667 0.495000 0.172000 0.143333
0 0.826333 0.483889 0.171333 0.150000
0 0.143333 0.668333 0.169333 0.152222
0 0.311667 0.665556 0.172667 0.153333
0 0.481667 0.659444 0.174000 0.150000
0 0.652000 0.650556 0.170667 0.147778
0 0.823667 0.640556 0.172667 0.145556
0 0.818333 0.791667 0.168667 0.150000
0 0.650000 0.798889 0.169333 0.142222
0 0.480667 0.806667 0.172000 0.144444
0 0.314000 0.811111 0.169333 0.148889
0 0.146000 0.813889 0.165333 0.152222
