0 0.147667 0.205556 0.158000 0.137778
0 0.319333 0.203889 0.158667 0.130000
0 0.488333 0.192778 0.160667 0.130000
0 0.659667 0.189444 0.163333 0.143333
0 0.831333 0.182778 0.157333 0.143333
0 0.829000 0.336667 0.156667 0.128889
0 0.657000 0.344444 0.166000 0.135556
0 0.485667 0.351667 0.164667 0.138889
0 0.313000 0.358333 0.167333 0.141111
0 0.143000 0.360000 0.160667 0.137778
0 0.140333 0.515000 0.159333 0.141111
0 0.309333 0.509444 0.166667 0.141111
0 0.481333 0.506111 0.164000 0.136667
0 0.652667 0.498333 0.164000 0.136667
0 0.825333 0.490556 0.165333 0.138889
0 0.816667 0.643889 0.166667 0.132222
0 0.650000 0.656111 0.161333 0.134444
0 0.478333 0.660000 0.163333 0.133333
0 0.307667 0.664444 0.162000 0.133333
0 0.141333 0.666667 0.154667 0.137778
0 0.140333 0.820556 0.162000 0.130000
0 0.308667 0.816111 0.154667 0.130000
0 0.477333 0.808333 0.161333 0.125556
0 0.644667 0.808333 0.158667 0.130000
0 0.811667 0.796111 0.162000 0.130000