0 0.150000 0.180921 0.151471 0.146053
0 0.319853 0.178289 0.161765 0.153947
0 0.496691 0.175658 0.174265 0.156579
0 0.676838 0.174342 0.171324 0.169737
0 0.848529 0.183553 0.150000 0.143421
0 0.853676 0.351316 0.157353 0.152632
0 0.680147 0.353289 0.169118 0.153947
0 0.501838 0.353289 0.171324 0.153947
0 0.324632 0.351316 0.159559 0.150000
0 0.158456 0.353289 0.149265 0.143421
0 0.163971 0.519737 0.154412 0.147368
0 0.332721 0.523026 0.159559 0.159211
0 0.508824 0.528289 0.166176 0.151316
0 0.688971 0.529605 0.163235 0.153947
0 0.857353 0.519737 0.152941 0.144737
0 0.858456 0.686184 0.159559 0.140789
0 0.690441 0.692763 0.158824 0.135526
0 0.514338 0.697368 0.165441 0.147368
0 0.338971 0.694079 0.161765 0.153947
0 0.170956 0.680263 0.156618 0.144737
0 0.181618 0.844737 0.151471 0.147368
0 0.350000 0.859211 0.155882 0.144737
0 0.519485 0.857237 0.159559 0.138158
0 0.688603 0.854605 0.162500 0.138158
0 0.858088 0.846053 0.158824 0.139474