0 0.150368 0.187500 0.162500 0.180263
0 0.318015 0.184868 0.172794 0.169737
0 0.496324 0.184211 0.179412 0.171053
0 0.673162 0.183553 0.180147 0.177632
0 0.841912 0.188158 0.163235 0.155263
0 0.847794 0.353289 0.163235 0.159211
0 0.679412 0.354605 0.177941 0.164474
0 0.501103 0.358553 0.180147 0.164474
0 0.325000 0.357895 0.175000 0.171053
0 0.158824 0.355921 0.160294 0.159211
0 0.164706 0.521711 0.161765 0.169737
0 0.331985 0.530263 0.174265 0.173684
0 0.507353 0.528947 0.176471 0.163158
0 0.684191 0.523684 0.172794 0.165789
0 0.854412 0.520395 0.166176 0.156579
0 0.856250 0.684211 0.166912 0.157895
0 0.688235 0.692763 0.172059 0.161842
0 0.515809 0.697368 0.175735 0.165789
0 0.343382 0.694737 0.173529 0.168421
0 0.175368 0.686842 0.162500 0.168421
0 0.188235 0.843421 0.158824 0.165789
0 0.351471 0.856579 0.170588 0.160526
0 0.521691 0.861842 0.169853 0.155263
0 0.688971 0.853289 0.164706 0.146053
0 0.854412 0.846711 0.161765 0.151316