15 0.149667 0.206111 0.156667 0.134444
15 0.322667 0.199444 0.157333 0.130000
15 0.491667 0.194444 0.155333 0.122222
15 0.664000 0.183333 0.158667 0.135556
15 0.834667 0.173889 0.158667 0.138889
15 0.831667 0.329444 0.151333 0.134444
15 0.659333 0.341667 0.157333 0.127778
15 0.487667 0.352222 0.160667 0.126667
15 0.319333 0.355000 0.158667 0.121111
15 0.146333 0.361667 0.154000 0.134444
15 0.144667 0.515556 0.154667 0.131111
15 0.315000 0.511111 0.156667 0.126667
15 0.484000 0.506667 0.161333 0.133333
15 0.657000 0.496111 0.162000 0.123333
15 0.827333 0.486111 0.157333 0.132222
15 0.821667 0.639444 0.158000 0.125556
15 0.651333 0.650000 0.161333 0.117778
15 0.482000 0.658333 0.160000 0.132222
15 0.312000 0.661667 0.160000 0.127778
15 0.144000 0.665556 0.160000 0.135556
15 0.143000 0.816111 0.156667 0.130000
15 0.314667 0.813333 0.160000 0.131111
15 0.480333 0.806667 0.160667 0.128889
15 0.649333 0.802222 0.160000 0.131111
15 0.818000 0.791667 0.158667 0.134444
