15 0.148333 0.204444 0.158000 0.137778
15 0.317667 0.202222 0.166000 0.122222
15 0.488667 0.198333 0.160000 0.130000
15 0.661667 0.194444 0.159333 0.133333
15 0.833667 0.185556 0.162000 0.131111
15 0.831000 0.344444 0.159333 0.128889
15 0.659000 0.350556 0.162000 0.127778
15 0.489000 0.353333 0.162000 0.126667
15 0.313000 0.360556 0.168667 0.130000
15 0.141333 0.364444 0.161333 0.135556
15 0.141000 0.517222 0.158000 0.134444
15 0.308000 0.516667 0.161333 0.133333
15 0.479667 0.511111 0.162000 0.131111
15 0.654000 0.504444 0.161333 0.122222
15 0.826000 0.495556 0.157333 0.126667
15 0.819667 0.650000 0.160667 0.122222
15 0.648667 0.656667 0.164000 0.124444
15 0.478000 0.663889 0.156000 0.127778
15 0.307667 0.667222 0.158000 0.134444
15 0.136333 0.670000 0.155333 0.135556
15 0.142667 0.818889 0.160000 0.126667
15 0.308333 0.816111 0.156667 0.127778
15 0.477000 0.812778 0.160667 0.132222
15 0.643333 0.807222 0.156000 0.127778
15 0.815667 0.802778 0.159333 0.114444
