0 0.153667 0.204444 0.159333 0.140000
0 0.323333 0.203333 0.164000 0.140000
0 0.487000 0.196667 0.159333 0.124444
0 0.662333 0.185556 0.159333 0.131111
0 0.832000 0.178333 0.153333 0.130000
0 0.831000 0.330556 0.152667 0.125556
0 0.656000 0.341111 0.160000 0.122222
0 0.489000 0.352778 0.159333 0.130000
0 0.318667 0.358889 0.158667 0.133333
0 0.147000 0.360000 0.156667 0.131111
0 0.144667 0.513889 0.158667 0.136667
0 0.315000 0.507778 0.156667 0.133333
0 0.482333 0.504444 0.166000 0.137778
0 0.655000 0.494444 0.158000 0.122222
0 0.823333 0.483889 0.162667 0.130000
0 0.816667 0.635000 0.160000 0.123333
0 0.649333 0.648333 0.162667 0.121111
0 0.480000 0.658333 0.160000 0.134444
0 0.312000 0.660556 0.161333 0.132222
0 0.142333 0.663889 0.162000 0.141111
0 0.149667 0.814444 0.156667 0.137778
0 0.313333 0.812222 0.157333 0.131111
0 0.481333 0.808333 0.161333 0.136667
0 0.648333 0.798333 0.160667 0.134444
0 0.814667 0.782222 0.157333 0.128889