15 0.145956 0.169737 0.152206 0.139474
15 0.315441 0.163158 0.164706 0.152632
15 0.494853 0.159868 0.167647 0.153947
15 0.678309 0.166447 0.168382 0.156579
15 0.850735 0.173684 0.151471 0.150000
15 0.855147 0.342763 0.157353 0.153947
15 0.680882 0.347368 0.166176 0.157895
15 0.497794 0.347368 0.169118 0.157895
15 0.321691 0.347368 0.162500 0.150000
15 0.154044 0.344737 0.155147 0.150000
15 0.159191 0.513158 0.152206 0.150000
15 0.330147 0.525000 0.158824 0.155263
15 0.507721 0.526974 0.163971 0.148684
15 0.686397 0.517763 0.162500 0.146053
15 0.860662 0.516447 0.156618 0.151316
15 0.859559 0.680921 0.151471 0.140789
15 0.691176 0.693421 0.163235 0.144737
15 0.513235 0.701974 0.166176 0.151316
15 0.338971 0.695395 0.160294 0.151316
15 0.167647 0.682895 0.154412 0.150000
15 0.179044 0.845395 0.153676 0.146053
15 0.347794 0.863158 0.157353 0.147368
15 0.518015 0.863816 0.162500 0.143421
15 0.688971 0.857237 0.160294 0.132895
15 0.856985 0.849342 0.158088 0.140789
