0 0.142647 0.186184 0.154412 0.151316
0 0.311029 0.176974 0.170588 0.161842
0 0.493382 0.180263 0.172059 0.157895
0 0.672794 0.181579 0.176471 0.163158
0 0.842647 0.190132 0.155882 0.148684
0 0.847426 0.355263 0.162500 0.147368
0 0.674265 0.352632 0.176471 0.168421
0 0.495956 0.358553 0.175735 0.153947
0 0.318015 0.355921 0.169853 0.159211
0 0.152206 0.358553 0.152941 0.156579
0 0.156618 0.520395 0.154412 0.151316
0 0.323529 0.528947 0.169118 0.163158
0 0.502574 0.529605 0.177206 0.161842
0 0.682721 0.528289 0.171324 0.153947
0 0.853676 0.523026 0.160294 0.146053
0 0.855147 0.685526 0.164706 0.147368
0 0.690074 0.692763 0.166912 0.156579
0 0.513603 0.696711 0.171324 0.153947
0 0.340074 0.694737 0.168382 0.163158
0 0.170221 0.684211 0.158088 0.157895
0 0.181250 0.842763 0.161029 0.148684
0 0.345956 0.855921 0.165441 0.153947
0 0.515074 0.860526 0.166912 0.144737
0 0.689338 0.853947 0.163971 0.136842
0 0.854412 0.846053 0.158824 0.136842