0 0.160000 0.231111 0.166667 0.148889
0 0.329000 0.230000 0.164667 0.142222
0 0.501333 0.219444 0.168000 0.138889
0 0.671000 0.212222 0.167333 0.131111
0 0.841667 0.198889 0.163333 0.148889
0 0.838667 0.355000 0.168000 0.132222
0 0.668667 0.363889 0.168000 0.138889
0 0.500000 0.373889 0.170667 0.141111
0 0.324667 0.380000 0.162667 0.146667
0 0.155667 0.382778 0.163333 0.158889
0 0.152000 0.540000 0.160000 0.137778
0 0.324000 0.535000 0.168000 0.138889
0 0.494667 0.530000 0.164000 0.144444
0 0.665333 0.525556 0.158667 0.133333
0 0.835000 0.503889 0.160667 0.130000
0 0.830000 0.659444 0.162667 0.136667
0 0.661333 0.672778 0.166667 0.134444
0 0.492333 0.680000 0.163333 0.140000
0 0.321667 0.685000 0.162000 0.138889
0 0.151333 0.688333 0.160000 0.136667
0 0.156000 0.832778 0.162667 0.141111
0 0.323667 0.835000 0.164667 0.134444
0 0.490000 0.826667 0.161333 0.131111
0 0.657333 0.821667 0.161333 0.132222
0 0.825333 0.808889 0.160000 0.131111