0 0.155667 0.205000 0.159333 0.123333
0 0.324000 0.202222 0.157333 0.124444
0 0.494333 0.196111 0.159333 0.125556
0 0.663667 0.186667 0.162000 0.124444
0 0.831000 0.176111 0.155333 0.134444
0 0.827333 0.330000 0.153333 0.126667
0 0.659667 0.342778 0.159333 0.118889
0 0.487000 0.345556 0.160667 0.131111
0 0.319667 0.356667 0.158000 0.126667
0 0.151000 0.360000 0.155333 0.126667
0 0.149000 0.510556 0.156667 0.141111
0 0.319333 0.512778 0.158667 0.121111
0 0.488333 0.500556 0.159333 0.125556
0 0.657000 0.492778 0.158000 0.123333
0 0.826000 0.482222 0.154667 0.126667
0 0.818333 0.636111 0.154000 0.123333
0 0.650333 0.643889 0.158000 0.125556
0 0.481333 0.649444 0.160000 0.130000
0 0.315333 0.658333 0.160000 0.125556
0 0.149333 0.660556 0.153333 0.130000
0 0.152667 0.807222 0.153333 0.123333
0 0.318667 0.804444 0.157333 0.131111
0 0.482667 0.800556 0.158667 0.123333
0 0.647667 0.789444 0.156667 0.125556
0 0.814333 0.782222 0.158000 0.122222