0 0.157000 0.203889 0.166000 0.138889
0 0.324667 0.198333 0.166667 0.138889
0 0.493333 0.195000 0.168000 0.130000
0 0.663333 0.187222 0.158667 0.132222
0 0.832667 0.174444 0.160000 0.137778
0 0.154000 0.357778 0.161333 0.135556
0 0.322333 0.356111 0.163333 0.136667
0 0.491333 0.349444 0.166667 0.138889
0 0.659000 0.341667 0.168667 0.132222
0 0.826000 0.326111 0.160000 0.141111
0 0.149667 0.512778 0.163333 0.141111
0 0.317667 0.507222 0.166000 0.134444
0 0.488000 0.499444 0.165333 0.138889
0 0.654000 0.494444 0.165333 0.133333
0 0.823667 0.484444 0.162000 0.133333
0 0.149333 0.657778 0.158667 0.142222
0 0.315333 0.656111 0.162667 0.130000
0 0.482333 0.652222 0.166000 0.137778
0 0.651667 0.644444 0.163333 0.126667
0 0.817000 0.630000 0.160667 0.124444
0 0.153667 0.810000 0.164667 0.133333
0 0.315667 0.801667 0.160667 0.136667
0 0.481000 0.800000 0.166000 0.133333
0 0.646667 0.791111 0.168000 0.128889
0 0.813667 0.780556 0.167333 0.127778