0 0.145221 0.176974 0.171324 0.164474
0 0.318750 0.180921 0.174265 0.175000
0 0.495221 0.176316 0.175735 0.168421
0 0.675368 0.175658 0.177206 0.172368
0 0.845221 0.184868 0.163971 0.159211
0 0.848897 0.354605 0.166912 0.161842
0 0.679412 0.353289 0.176471 0.169737
0 0.500368 0.352632 0.178676 0.173684
0 0.324632 0.353947 0.171324 0.176316
0 0.156250 0.351316 0.161029 0.160526
0 0.163603 0.521053 0.158088 0.160526
0 0.330515 0.528289 0.174265 0.175000
0 0.505882 0.533553 0.176471 0.175000
0 0.681985 0.522368 0.172794 0.163158
0 0.852574 0.518421 0.168382 0.155263
0 0.858456 0.683553 0.166912 0.153947
0 0.689706 0.692105 0.170588 0.155263
0 0.513603 0.696053 0.172794 0.155263
0 0.340074 0.692105 0.174265 0.163158
0 0.171691 0.681579 0.159559 0.171053
0 0.184559 0.842105 0.163235 0.165789
0 0.349632 0.853947 0.171324 0.160526
0 0.520588 0.857895 0.170588 0.157895
0 0.687868 0.855921 0.168382 0.153947
0 0.858824 0.846053 0.161765 0.152632