15 0.150000 0.185526 0.147059 0.147368
15 0.318382 0.179605 0.164706 0.151316
15 0.496324 0.177632 0.167647 0.150000
15 0.678309 0.176974 0.166912 0.151316
15 0.847794 0.190132 0.150000 0.146053
15 0.851103 0.353947 0.155147 0.152632
15 0.679412 0.355263 0.167647 0.155263
15 0.498897 0.357237 0.166912 0.159211
15 0.323897 0.354605 0.158088 0.156579
15 0.156250 0.353947 0.147794 0.144737
15 0.160294 0.521053 0.155882 0.152632
15 0.330515 0.531579 0.161029 0.160526
15 0.506985 0.529605 0.168382 0.143421
15 0.688235 0.530263 0.167647 0.152632
15 0.861029 0.523026 0.151471 0.143421
15 0.861397 0.688158 0.149265 0.139474
15 0.692279 0.698684 0.156618 0.142105
15 0.516912 0.700000 0.164706 0.147368
15 0.340441 0.693421 0.169118 0.157895
15 0.173529 0.685526 0.151471 0.144737
15 0.182721 0.844079 0.158088 0.143421
15 0.348897 0.855921 0.159559 0.140789
15 0.518382 0.860526 0.161765 0.128947
15 0.691912 0.857237 0.157353 0.140789
15 0.859191 0.846053 0.152206 0.131579
