0 0.151000 0.208889 0.162000 0.128889
0 0.325667 0.206667 0.163333 0.133333
0 0.496000 0.203333 0.164000 0.131111
0 0.671000 0.191111 0.160667 0.126667
0 0.833000 0.336667 0.159333 0.128889
0 0.663667 0.346667 0.163333 0.135556
0 0.489000 0.356667 0.158000 0.140000
0 0.317667 0.361667 0.159333 0.125556
0 0.147000 0.362222 0.156667 0.133333
0 0.145333 0.517778 0.158667 0.137778
0 0.313000 0.516111 0.163333 0.136667
0 0.485000 0.513889 0.164667 0.136667
0 0.658000 0.500000 0.162667 0.124444
0 0.827333 0.492778 0.158667 0.130000
0 0.821000 0.645000 0.163333 0.127778
0 0.654333 0.653889 0.162000 0.121111
0 0.482000 0.661111 0.164000 0.135556
0 0.313333 0.670000 0.158667 0.128889
0 0.143667 0.669444 0.158000 0.136667
0 0.148000 0.816111 0.164000 0.132222
0 0.315333 0.813333 0.161333 0.131111
0 0.483000 0.809444 0.164667 0.134444
0 0.651000 0.806667 0.159333 0.128889
0 0.817000 0.793333 0.158000 0.135556
0 0.830333 0.187778 0.143333 0.131111
