0 0.155000 0.206667 0.158000 0.135556
0 0.323667 0.205000 0.159333 0.132222
0 0.494000 0.199444 0.161333 0.127778
0 0.664000 0.186111 0.165333 0.134444
0 0.834000 0.178333 0.156000 0.141111
0 0.828333 0.333889 0.158000 0.130000
0 0.659333 0.345000 0.162667 0.127778
0 0.488333 0.355556 0.160667 0.124444
0 0.319000 0.358889 0.159333 0.133333
0 0.149000 0.360000 0.158000 0.140000
0 0.146667 0.511667 0.161333 0.138889
0 0.316667 0.511667 0.158667 0.132222
0 0.484333 0.502778 0.158000 0.127778
0 0.655667 0.495556 0.162000 0.128889
0 0.826333 0.484444 0.163333 0.131111
0 0.818000 0.633889 0.161333 0.127778
0 0.651667 0.646111 0.160667 0.134444
0 0.483333 0.653889 0.164000 0.134444
0 0.314333 0.660556 0.160667 0.130000
0 0.147667 0.660000 0.162000 0.137778
0 0.147333 0.808333 0.160000 0.134444
0 0.318000 0.806667 0.162667 0.133333
0 0.481333 0.804444 0.156000 0.128889
0 0.647667 0.792778 0.159333 0.121111
0 0.818000 0.781111 0.150667 0.122222