0 0.152333 0.196667 0.164667 0.137778
0 0.319333 0.195000 0.164000 0.141111
0 0.491667 0.189444 0.171333 0.136667
0 0.662667 0.178889 0.165333 0.133333
0 0.831667 0.166667 0.163333 0.140000
0 0.148333 0.355000 0.167333 0.134444
0 0.318333 0.353889 0.167333 0.141111
0 0.487333 0.346111 0.169333 0.138889
0 0.657333 0.335556 0.165333 0.128889
0 0.830333 0.326667 0.163333 0.133333
0 0.145667 0.506667 0.163333 0.148889
0 0.314667 0.507222 0.162667 0.136667
0 0.483667 0.498889 0.166000 0.128889
0 0.655667 0.489444 0.167333 0.132222
0 0.824333 0.477222 0.168667 0.130000
0 0.145000 0.658889 0.160667 0.137778
0 0.312667 0.656667 0.165333 0.135556
0 0.481667 0.652222 0.170000 0.135556
0 0.649000 0.645556 0.167333 0.133333
0 0.818333 0.631111 0.159333 0.137778
0 0.147333 0.808333 0.160000 0.138889
0 0.309667 0.802778 0.168667 0.136667
0 0.477333 0.800000 0.162667 0.137778
0 0.644000 0.796111 0.160000 0.127778
0 0.811333 0.780556 0.162667 0.125556