0 0.150000 0.204444 0.157333 0.140000
0 0.321000 0.196667 0.159333 0.124444
0 0.493000 0.193889 0.158000 0.132222
0 0.663667 0.181667 0.163333 0.130000
0 0.831667 0.175556 0.156667 0.131111
0 0.828333 0.325556 0.158000 0.131111
0 0.658333 0.338889 0.164667 0.133333
0 0.486667 0.348333 0.161333 0.130000
0 0.314000 0.354444 0.161333 0.131111
0 0.141333 0.360000 0.158667 0.128889
0 0.138333 0.513333 0.159333 0.133333
0 0.311000 0.509444 0.162000 0.136667
0 0.485000 0.503889 0.164667 0.132222
0 0.654333 0.492778 0.156667 0.130000
0 0.824333 0.483333 0.160667 0.135556
0 0.817667 0.636667 0.159333 0.133333
0 0.649333 0.648333 0.165333 0.123333
0 0.478667 0.658333 0.157333 0.134444
0 0.310000 0.664444 0.162667 0.131111
0 0.138333 0.666667 0.164667 0.140000
0 0.146000 0.817222 0.161333 0.130000
0 0.311667 0.812222 0.160667 0.133333
0 0.477333 0.807222 0.162667 0.130000
0 0.648000 0.802222 0.160000 0.126667
0 0.816000 0.787222 0.157333 0.130000