0 0.149667 0.230556 0.164667 0.138889
0 0.321333 0.222222 0.166667 0.137778
0 0.494667 0.221667 0.168000 0.141111
0 0.671000 0.216111 0.163333 0.134444
0 0.842333 0.202222 0.164667 0.140000
0 0.839333 0.360556 0.165333 0.136667
0 0.667333 0.374444 0.164000 0.131111
0 0.490667 0.377222 0.169333 0.141111
0 0.316000 0.382778 0.165333 0.136667
0 0.145667 0.388889 0.160667 0.137778
0 0.144333 0.546667 0.164667 0.135556
0 0.315667 0.542778 0.164667 0.138889
0 0.488000 0.537778 0.168000 0.131111
0 0.664000 0.533333 0.166667 0.133333
0 0.835333 0.520000 0.164000 0.128889
0 0.829000 0.677222 0.167333 0.130000
0 0.658000 0.686667 0.166667 0.128889
0 0.484667 0.690556 0.166667 0.138889
0 0.313333 0.696111 0.165333 0.136667
0 0.141667 0.698333 0.163333 0.141111
0 0.143333 0.848333 0.164000 0.141111
0 0.823333 0.829444 0.162667 0.125556
0 0.657000 0.831667 0.162000 0.114444
0 0.486667 0.834444 0.169333 0.117778
0 0.316333 0.848333 0.166000 0.138889