15 0.154333 0.204444 0.154000 0.122222
15 0.324667 0.202222 0.157333 0.131111
15 0.489667 0.191111 0.164667 0.126667
15 0.666000 0.191111 0.154667 0.124444
15 0.833667 0.177778 0.159333 0.128889
15 0.831333 0.331111 0.154667 0.126667
15 0.661000 0.342222 0.155333 0.122222
15 0.487000 0.348333 0.168667 0.121111
15 0.317667 0.352222 0.160667 0.124444
15 0.152333 0.357222 0.155333 0.130000
15 0.146000 0.511667 0.164000 0.134444
15 0.317333 0.510000 0.157333 0.128889
15 0.486000 0.503889 0.158667 0.125556
15 0.656333 0.492222 0.163333 0.120000
15 0.827333 0.481111 0.160000 0.131111
15 0.821667 0.634444 0.160667 0.133333
15 0.651667 0.647778 0.160667 0.122222
15 0.481667 0.655556 0.159333 0.133333
15 0.312000 0.662778 0.154667 0.132222
15 0.144667 0.664444 0.153333 0.133333
15 0.154333 0.812778 0.154000 0.132222
15 0.315667 0.808333 0.162000 0.132222
15 0.483667 0.804444 0.159333 0.135556
15 0.650667 0.797222 0.160000 0.132222
15 0.818333 0.785556 0.159333 0.131111
