15 0.149632 0.172368 0.155147 0.142105
15 0.317279 0.163158 0.168382 0.160526
15 0.496691 0.166447 0.166912 0.159211
15 0.676103 0.163158 0.169853 0.155263
15 0.847059 0.171053 0.150000 0.150000
15 0.854044 0.339474 0.155147 0.147368
15 0.679779 0.341447 0.165441 0.151316
15 0.501838 0.345395 0.165441 0.156579
15 0.324632 0.341447 0.159559 0.146053
15 0.155882 0.344737 0.148529 0.142105
15 0.165809 0.513816 0.152206 0.151316
15 0.333824 0.520395 0.164706 0.161842
15 0.508824 0.521711 0.163235 0.153947
15 0.686029 0.515132 0.169118 0.148684
15 0.857721 0.511184 0.152206 0.140789
15 0.865074 0.682895 0.152206 0.139474
15 0.692279 0.692105 0.165441 0.150000
15 0.518750 0.698026 0.166912 0.153947
15 0.340809 0.693421 0.166912 0.157895
15 0.175368 0.680263 0.156618 0.157895
15 0.182353 0.842763 0.154412 0.151316
15 0.350368 0.860526 0.163971 0.152632
15 0.520956 0.858553 0.166912 0.140789
15 0.691912 0.855263 0.166176 0.144737
15 0.862500 0.846711 0.157353 0.146053
