15 0.154044 0.171053 0.147794 0.142105
15 0.322059 0.171711 0.158824 0.151316
15 0.498162 0.168421 0.168382 0.163158
15 0.679044 0.163816 0.165441 0.153947
15 0.849265 0.173026 0.150000 0.143421
15 0.854779 0.342763 0.150735 0.146053
15 0.683824 0.343421 0.166176 0.150000
15 0.503676 0.345395 0.163235 0.153947
15 0.327206 0.344737 0.155882 0.150000
15 0.158088 0.342105 0.148529 0.142105
15 0.169853 0.515789 0.154412 0.147368
15 0.335662 0.525000 0.162500 0.155263
15 0.511765 0.523026 0.164706 0.151316
15 0.689706 0.519079 0.161765 0.146053
15 0.858456 0.513816 0.149265 0.146053
15 0.861765 0.680263 0.150000 0.142105
15 0.694485 0.688816 0.159559 0.140789
15 0.517279 0.696711 0.163971 0.151316
15 0.344118 0.694079 0.164706 0.143421
15 0.176471 0.680921 0.155882 0.146053
15 0.190441 0.844079 0.150000 0.146053
15 0.355882 0.852632 0.152941 0.142105
15 0.523162 0.862500 0.161029 0.143421
15 0.694853 0.851974 0.155882 0.140789
15 0.859926 0.842763 0.158088 0.138158
