0 0.152206 0.183553 0.160294 0.161842
0 0.318015 0.184868 0.169853 0.172368
0 0.494853 0.184211 0.177941 0.171053
0 0.673529 0.176316 0.179412 0.173684
0 0.844853 0.189474 0.161765 0.165789
0 0.155147 0.351974 0.157353 0.161842
0 0.321324 0.353947 0.176471 0.181579
0 0.498529 0.354605 0.180882 0.177632
0 0.677941 0.358553 0.175000 0.172368
0 0.847794 0.354605 0.167647 0.164474
0 0.163971 0.520395 0.164706 0.167105
0 0.330515 0.526316 0.172794 0.173684
0 0.505515 0.530263 0.177206 0.165789
0 0.682721 0.527632 0.175735 0.168421
0 0.853676 0.517763 0.164706 0.161842
0 0.172059 0.683553 0.163235 0.167105
0 0.339338 0.692763 0.174265 0.164474
0 0.512132 0.698684 0.174265 0.165789
0 0.687500 0.693421 0.176471 0.160526
0 0.855515 0.686184 0.163971 0.156579
0 0.856250 0.846711 0.162500 0.159211
0 0.686765 0.853289 0.169118 0.153947
0 0.518382 0.859868 0.170588 0.159211
0 0.347426 0.859211 0.168382 0.168421
0 0.182721 0.843421 0.163971 0.168421
