15 0.151103 0.171053 0.155147 0.144737
15 0.317647 0.164474 0.163235 0.157895
15 0.495221 0.165132 0.168382 0.156579
15 0.677574 0.160526 0.172794 0.155263
15 0.848162 0.173684 0.155147 0.150000
15 0.855147 0.348684 0.150000 0.157895
15 0.680147 0.341447 0.167647 0.153947
15 0.504044 0.346053 0.166912 0.155263
15 0.325735 0.342763 0.161765 0.153947
15 0.157353 0.339474 0.155882 0.152632
15 0.165074 0.509868 0.155147 0.148684
15 0.333088 0.518421 0.163235 0.163158
15 0.510662 0.522368 0.162500 0.157895
15 0.687868 0.522368 0.165441 0.163158
15 0.857353 0.509868 0.157353 0.138158
15 0.863603 0.681579 0.153676 0.136842
15 0.693750 0.690132 0.165441 0.148684
15 0.517647 0.694737 0.163235 0.150000
15 0.345956 0.694079 0.155147 0.153947
15 0.173162 0.678947 0.156618 0.152632
15 0.186029 0.842763 0.155882 0.146053
15 0.352206 0.857237 0.157353 0.153947
15 0.523529 0.861184 0.161765 0.143421
15 0.694485 0.857237 0.156618 0.143421
15 0.861765 0.844079 0.155882 0.140789
