0 0.150735 0.181579 0.152941 0.150000
0 0.319485 0.176974 0.159559 0.151316
0 0.499265 0.171711 0.175000 0.161842
0 0.678309 0.169079 0.168382 0.156579
0 0.850735 0.181579 0.150000 0.150000
0 0.858824 0.348684 0.148529 0.144737
0 0.680515 0.348684 0.166912 0.147368
0 0.504412 0.355921 0.173529 0.156579
0 0.328676 0.355921 0.161765 0.148684
0 0.157353 0.353289 0.148529 0.143421
0 0.169485 0.519079 0.155147 0.148684
0 0.333456 0.525658 0.155147 0.151316
0 0.511397 0.528947 0.168382 0.152632
0 0.691544 0.521711 0.165441 0.153947
0 0.865809 0.513816 0.140441 0.148684
0 0.865074 0.683553 0.156618 0.143421
0 0.691176 0.696053 0.158824 0.144737
0 0.520221 0.700000 0.169853 0.150000
0 0.344485 0.697368 0.161029 0.152632
0 0.175735 0.688816 0.155882 0.156579
0 0.184559 0.846053 0.155882 0.142105
0 0.355882 0.857237 0.157353 0.143421
0 0.522059 0.860526 0.166176 0.139474
0 0.697794 0.854605 0.161765 0.135526
0 0.863971 0.844737 0.155882 0.142105