15 0.143750 0.171053 0.153676 0.142105
15 0.314338 0.163158 0.172794 0.163158
15 0.497059 0.159868 0.175000 0.164474
15 0.681250 0.155921 0.177206 0.167105
15 0.851471 0.165789 0.154412 0.157895
15 0.154044 0.344079 0.163971 0.156579
15 0.322059 0.348684 0.173529 0.168421
15 0.501471 0.346053 0.180882 0.163158
15 0.684191 0.342763 0.174265 0.169737
15 0.855147 0.338816 0.169118 0.161842
15 0.159926 0.514474 0.159559 0.165789
15 0.331618 0.524342 0.176471 0.169737
15 0.509191 0.526974 0.175735 0.172368
15 0.689338 0.517763 0.177206 0.161842
15 0.860294 0.510526 0.157353 0.150000
15 0.169853 0.683553 0.157353 0.156579
15 0.336397 0.692105 0.177206 0.171053
15 0.515441 0.699342 0.172059 0.156579
15 0.696324 0.694737 0.175000 0.157895
15 0.864338 0.678947 0.161029 0.155263
15 0.181985 0.849342 0.159559 0.153947
15 0.349632 0.859211 0.168382 0.150000
15 0.522794 0.866447 0.169118 0.156579
15 0.692647 0.859211 0.172059 0.147368
15 0.862868 0.847368 0.161029 0.144737
