0 0.134559 0.161842 0.173529 0.160526
0 0.473897 0.155921 0.184559 0.175000
0 0.679044 0.148684 0.183088 0.163158
0 0.855515 0.176316 0.149265 0.147368
0 0.856250 0.352632 0.155147 0.147368
0 0.686029 0.355921 0.169118 0.153947
0 0.506985 0.356579 0.169853 0.160526
0 0.327574 0.354605 0.169853 0.156579
0 0.153309 0.351974 0.165441 0.153947
0 0.159191 0.517763 0.153676 0.159211
0 0.326103 0.529605 0.171324 0.153947
0 0.505515 0.532895 0.171324 0.160526
0 0.686029 0.528289 0.169118 0.153947
0 0.856618 0.520395 0.158824 0.151316
0 0.861397 0.688816 0.158088 0.138158
0 0.691544 0.692105 0.165441 0.136842
0 0.515809 0.701316 0.166912 0.152632
0 0.340441 0.696053 0.166176 0.150000
0 0.172059 0.682237 0.157353 0.153947
0 0.180882 0.846053 0.154412 0.152632
0 0.347426 0.858553 0.159559 0.140789
0 0.518015 0.861184 0.162500 0.127632
0 0.688603 0.855921 0.162500 0.135526
0 0.856250 0.848026 0.155147 0.138158
0 0.306250 0.176316 0.124265 0.173684
