15 0.148162 0.182237 0.150735 0.143421
15 0.319118 0.177632 0.158824 0.144737
15 0.497059 0.180921 0.170588 0.148684
15 0.677941 0.178289 0.161765 0.153947
15 0.847794 0.184211 0.147059 0.152632
15 0.853309 0.351316 0.152206 0.142105
15 0.679779 0.353947 0.165441 0.157895
15 0.501103 0.353947 0.171324 0.152632
15 0.323162 0.350000 0.159559 0.150000
15 0.158456 0.350000 0.152206 0.139474
15 0.160662 0.516447 0.150735 0.146053
15 0.332721 0.525000 0.163971 0.152632
15 0.506618 0.526974 0.163235 0.148684
15 0.685662 0.525000 0.161029 0.142105
15 0.857721 0.519079 0.150735 0.143421
15 0.861029 0.685526 0.152941 0.142105
15 0.692647 0.693421 0.161765 0.142105
15 0.516176 0.699342 0.166176 0.148684
15 0.339338 0.691447 0.162500 0.151316
15 0.174265 0.682237 0.155882 0.151316
15 0.182721 0.842105 0.153676 0.139474
15 0.351838 0.860526 0.159559 0.147368
15 0.520956 0.860526 0.156618 0.144737
15 0.693750 0.854605 0.158088 0.138158
15 0.859191 0.845395 0.149265 0.135526
