15 0.150000 0.201111 0.168000 0.144444
15 0.320667 0.195000 0.164000 0.143333
15 0.489667 0.187222 0.167333 0.141111
15 0.662333 0.180000 0.167333 0.140000
15 0.833667 0.172778 0.160667 0.145556
15 0.144000 0.355556 0.162667 0.140000
15 0.315667 0.353889 0.167333 0.141111
15 0.489333 0.348333 0.166667 0.147778
15 0.661000 0.335556 0.166000 0.140000
15 0.830333 0.326667 0.162000 0.142222
15 0.142667 0.512222 0.162667 0.142222
15 0.312333 0.508889 0.168667 0.135556
15 0.484667 0.500000 0.168000 0.137778
15 0.655667 0.490000 0.164667 0.148889
15 0.825667 0.484444 0.162000 0.153333
15 0.139000 0.664444 0.166000 0.140000
15 0.311333 0.657778 0.162667 0.140000
15 0.483000 0.656667 0.171333 0.135556
15 0.651667 0.650000 0.166000 0.128889
15 0.820667 0.637222 0.160000 0.134444
15 0.143333 0.815000 0.158667 0.132222
15 0.311333 0.811111 0.162667 0.131111
15 0.477333 0.803889 0.162667 0.138889
15 0.647333 0.800556 0.169333 0.136667
15 0.817000 0.787778 0.170000 0.135556
