0 0.147059 0.176974 0.151471 0.138158
0 0.315074 0.171053 0.168382 0.163158
0 0.494485 0.172368 0.174265 0.152632
0 0.676471 0.171053 0.170588 0.155263
0 0.846691 0.183553 0.165441 0.156579
0 0.152574 0.347368 0.156618 0.150000
0 0.321324 0.350658 0.170588 0.161842
0 0.499265 0.352632 0.176471 0.160526
0 0.681618 0.350658 0.173529 0.164474
0 0.852941 0.347368 0.161765 0.152632
0 0.158456 0.518421 0.155147 0.157895
0 0.327574 0.525000 0.172794 0.165789
0 0.506250 0.526974 0.177206 0.167105
0 0.684926 0.526316 0.174265 0.163158
0 0.860294 0.523026 0.163235 0.153947
0 0.170588 0.682895 0.164706 0.157895
0 0.340441 0.694737 0.169118 0.163158
0 0.515074 0.699342 0.174265 0.156579
0 0.690074 0.692763 0.171324 0.156579
0 0.862868 0.689474 0.163971 0.155263
0 0.177574 0.846711 0.159559 0.151316
0 0.343750 0.855921 0.171324 0.159211
0 0.516176 0.861842 0.170588 0.152632
0 0.691176 0.853947 0.166176 0.144737
0 0.861765 0.850658 0.161765 0.148684