0 0.497333 0.223889 0.138667 0.123333
0 0.162667 0.223889 0.164000 0.134444
0 0.334000 0.223333 0.162667 0.142222
0 0.654333 0.208333 0.158000 0.118889
0 0.828667 0.195556 0.160000 0.128889
0 0.835333 0.350556 0.164000 0.138889
0 0.664667 0.363333 0.165333 0.137778
0 0.493667 0.369444 0.164667 0.134444
0 0.322000 0.377778 0.162667 0.135556
0 0.152333 0.380556 0.163333 0.145556
0 0.152333 0.533889 0.158000 0.136667
0 0.323333 0.530000 0.161333 0.135556
0 0.494000 0.525000 0.164000 0.136667
0 0.663000 0.517222 0.164667 0.132222
0 0.833000 0.500556 0.163333 0.130000
0 0.829667 0.656111 0.164667 0.130000
0 0.661333 0.670000 0.161333 0.124444
0 0.492333 0.678333 0.163333 0.134444
0 0.321667 0.683889 0.159333 0.134444
0 0.154333 0.685556 0.162000 0.137778
0 0.156667 0.836667 0.158667 0.137778
0 0.323333 0.833333 0.158667 0.137778
0 0.490333 0.828333 0.160667 0.130000
0 0.658333 0.821111 0.160667 0.131111
0 0.826000 0.807778 0.158667 0.128889
