0 0.159333 0.203333 0.160000 0.140000
0 0.331333 0.201667 0.162667 0.138889
0 0.653333 0.187222 0.158667 0.130000
0 0.829000 0.180000 0.156667 0.140000
0 0.827667 0.333889 0.156667 0.138889
0 0.658667 0.341667 0.161333 0.134444
0 0.490667 0.350000 0.162667 0.133333
0 0.319000 0.356667 0.162000 0.135556
0 0.149000 0.359444 0.159333 0.138889
0 0.147000 0.513333 0.156667 0.140000
0 0.317000 0.507778 0.160667 0.133333
0 0.484667 0.505556 0.161333 0.135556
0 0.655333 0.497222 0.161333 0.130000
0 0.824667 0.487222 0.162667 0.130000
0 0.820333 0.640556 0.160667 0.132222
0 0.650333 0.649444 0.159333 0.127778
0 0.484333 0.655556 0.158000 0.135556
0 0.315667 0.661667 0.158000 0.136667
0 0.148000 0.662778 0.160000 0.136667
0 0.151333 0.812222 0.158667 0.131111
0 0.317333 0.808889 0.160000 0.131111
0 0.482000 0.805000 0.164000 0.127778
0 0.649333 0.801111 0.158667 0.133333
0 0.814667 0.790556 0.157333 0.132222
0 0.493333 0.200000 0.142667 0.126667
