0 0.156985 0.190789 0.149265 0.142105
0 0.321324 0.178289 0.166176 0.153947
0 0.500000 0.182237 0.172059 0.153947
0 0.679044 0.176974 0.168382 0.156579
0 0.845221 0.185526 0.147794 0.150000
0 0.848897 0.351316 0.153676 0.150000
0 0.680147 0.354605 0.163235 0.151316
0 0.502574 0.359211 0.166912 0.152632
0 0.329044 0.356579 0.161029 0.155263
0 0.164338 0.355263 0.153676 0.144737
0 0.171691 0.518421 0.156618 0.147368
0 0.336765 0.526974 0.161765 0.148684
0 0.512132 0.529605 0.165441 0.148684
0 0.685294 0.526316 0.160294 0.144737
0 0.851471 0.517763 0.150000 0.140789
0 0.854779 0.680921 0.149265 0.135526
0 0.852206 0.837500 0.151471 0.135526
0 0.688603 0.691447 0.159559 0.148684
0 0.515074 0.696711 0.165441 0.143421
0 0.343750 0.689474 0.159559 0.157895
0 0.179779 0.680263 0.152206 0.152632
0 0.189706 0.836184 0.152941 0.146053
0 0.353309 0.849342 0.158088 0.146053
0 0.520956 0.856579 0.161029 0.136842
0 0.688971 0.848684 0.155882 0.139474
