0 0.151838 0.174342 0.159559 0.143421
0 0.320588 0.168421 0.172059 0.160526
0 0.496691 0.169737 0.171324 0.168421
0 0.678309 0.165789 0.175735 0.163158
0 0.847794 0.175000 0.155882 0.157895
0 0.849265 0.345395 0.163235 0.153947
0 0.677206 0.346053 0.172059 0.163158
0 0.500368 0.345395 0.174265 0.164474
0 0.323162 0.343421 0.171324 0.163158
0 0.159191 0.348684 0.153676 0.155263
0 0.163235 0.513158 0.151471 0.157895
0 0.328309 0.519079 0.180147 0.164474
0 0.507353 0.521711 0.173529 0.175000
0 0.685294 0.518421 0.175000 0.160526
0 0.853676 0.513816 0.160294 0.151316
0 0.855147 0.682237 0.163235 0.153947
0 0.691176 0.691447 0.173529 0.164474
0 0.516176 0.692763 0.177941 0.161842
0 0.343015 0.688158 0.171324 0.165789
0 0.173529 0.680263 0.161765 0.155263
0 0.184559 0.842105 0.157353 0.155263
0 0.348529 0.855921 0.169118 0.156579
0 0.517647 0.857895 0.167647 0.157895
0 0.688235 0.846711 0.170588 0.148684
0 0.856250 0.842763 0.163971 0.148684
