15 0.151667 0.201667 0.163333 0.141111
15 0.322000 0.197778 0.160000 0.144444
15 0.492000 0.189444 0.162667 0.138889
15 0.662667 0.182222 0.165333 0.135556
15 0.833000 0.170556 0.159333 0.145556
15 0.146667 0.351667 0.158667 0.136667
15 0.317333 0.348889 0.160000 0.135556
15 0.488000 0.342778 0.162667 0.132222
15 0.659000 0.333889 0.162000 0.134444
15 0.829000 0.325556 0.154000 0.137778
15 0.824667 0.480000 0.160000 0.133333
15 0.652333 0.488889 0.159333 0.128889
15 0.483667 0.496667 0.159333 0.131111
15 0.313333 0.506667 0.162667 0.124444
15 0.143333 0.505556 0.157333 0.142222
15 0.142000 0.660000 0.156000 0.133333
15 0.310667 0.657778 0.158667 0.133333
15 0.479667 0.654444 0.159333 0.133333
15 0.651000 0.646667 0.160667 0.126667
15 0.820333 0.629444 0.160667 0.134444
15 0.814667 0.787222 0.158667 0.127778
15 0.647000 0.797778 0.159333 0.126667
15 0.481000 0.805000 0.160667 0.130000
15 0.313000 0.806111 0.159333 0.132222
15 0.147667 0.812778 0.162000 0.127778
