0 0.149667 0.207222 0.168667 0.150000
0 0.319667 0.203889 0.167333 0.145556
0 0.489333 0.198889 0.169333 0.142222
0 0.661333 0.196667 0.169333 0.144444
0 0.831667 0.189444 0.168667 0.143333
0 0.146333 0.361667 0.167333 0.145556
0 0.315333 0.356667 0.168000 0.144444
0 0.488000 0.355556 0.172000 0.142222
0 0.658000 0.352222 0.172000 0.144444
0 0.830667 0.343333 0.173333 0.153333
0 0.145667 0.518889 0.167333 0.144444
0 0.314667 0.512222 0.172000 0.144444
0 0.483667 0.508333 0.175333 0.147778
0 0.655667 0.502222 0.171333 0.144444
0 0.824667 0.497778 0.170667 0.142222
0 0.143667 0.670556 0.167333 0.143333
0 0.309667 0.667222 0.170000 0.145556
0 0.481333 0.662778 0.173333 0.145556
0 0.650333 0.658889 0.172667 0.140000
0 0.819667 0.650556 0.168667 0.143333
0 0.141333 0.813889 0.170667 0.141111
0 0.311000 0.816667 0.166000 0.146667
0 0.477000 0.812222 0.170000 0.140000
0 0.648000 0.812222 0.169333 0.142222
0 0.817333 0.803333 0.165333 0.148889