0 0.149667 0.207778 0.160667 0.128889
0 0.321000 0.200556 0.162000 0.127778
0 0.490000 0.199444 0.158667 0.134444
0 0.663000 0.185000 0.160667 0.127778
0 0.831667 0.174444 0.159333 0.133333
0 0.828667 0.336111 0.160000 0.132222
0 0.659000 0.342778 0.160667 0.121111
0 0.488333 0.355556 0.160667 0.137778
0 0.316667 0.360000 0.161333 0.140000
0 0.144000 0.364444 0.160000 0.131111
0 0.141333 0.518333 0.158667 0.136667
0 0.312000 0.513333 0.161333 0.128889
0 0.483667 0.507778 0.159333 0.128889
0 0.656667 0.498889 0.158667 0.126667
0 0.825333 0.487778 0.161333 0.131111
0 0.819333 0.640000 0.156000 0.124444
0 0.651000 0.652778 0.156667 0.127778
0 0.479667 0.659444 0.158000 0.130000
0 0.310667 0.662778 0.161333 0.123333
0 0.141667 0.667222 0.158000 0.130000
0 0.144333 0.815000 0.158000 0.125556
0 0.311333 0.816667 0.161333 0.128889
0 0.479333 0.811667 0.158667 0.132222
0 0.648667 0.807778 0.161333 0.131111
0 0.815333 0.794444 0.157333 0.122222