15 0.157667 0.203333 0.164667 0.137778
15 0.325333 0.198889 0.164000 0.135556
15 0.491667 0.193889 0.162000 0.132222
15 0.660333 0.183333 0.166000 0.135556
15 0.827667 0.175556 0.158000 0.135556
15 0.150000 0.357778 0.161333 0.142222
15 0.319667 0.355000 0.164667 0.138889
15 0.487667 0.346111 0.158000 0.127778
15 0.658667 0.340556 0.164000 0.125556
15 0.827333 0.327778 0.160000 0.135556
15 0.148333 0.508889 0.163333 0.135556
15 0.315667 0.508333 0.164667 0.138889
15 0.482333 0.500000 0.164667 0.131111
15 0.651333 0.489444 0.169333 0.130000
15 0.823000 0.483333 0.162000 0.137778
15 0.147000 0.656667 0.160667 0.135556
15 0.313000 0.656111 0.166000 0.132222
15 0.480667 0.652778 0.162667 0.132222
15 0.649333 0.647222 0.168000 0.134444
15 0.818000 0.633889 0.161333 0.130000
15 0.150667 0.805000 0.161333 0.125556
15 0.313000 0.805000 0.164667 0.127778
15 0.478000 0.798889 0.162667 0.122222
15 0.643333 0.795000 0.166667 0.125556
15 0.811333 0.782222 0.160000 0.131111
