15 0.145588 0.181579 0.152941 0.139474
15 0.315809 0.178289 0.161029 0.153947
15 0.494853 0.181579 0.166176 0.147368
15 0.675735 0.170395 0.154412 0.151316
15 0.850735 0.180921 0.145588 0.156579
15 0.859559 0.351316 0.148529 0.142105
15 0.678676 0.354605 0.160294 0.135526
15 0.500000 0.356579 0.170588 0.142105
15 0.321691 0.357237 0.166912 0.153947
15 0.152574 0.354605 0.156618 0.135526
15 0.158824 0.519079 0.145588 0.140789
15 0.328309 0.528289 0.158088 0.151316
15 0.505882 0.532895 0.166176 0.157895
15 0.688235 0.525658 0.163235 0.148684
15 0.862868 0.519079 0.156618 0.140789
15 0.862500 0.686842 0.160294 0.139474
15 0.693382 0.695395 0.160294 0.146053
15 0.515441 0.701974 0.163235 0.151316
15 0.337868 0.695395 0.163971 0.146053
15 0.168382 0.687500 0.155882 0.148684
15 0.179044 0.850000 0.153676 0.142105
15 0.346324 0.862500 0.160294 0.143421
15 0.518750 0.868421 0.161029 0.131579
15 0.690074 0.857895 0.159559 0.128947
15 0.860294 0.848026 0.158824 0.135526
