15 0.140809 0.176316 0.149265 0.144737
15 0.315441 0.169737 0.164706 0.150000
15 0.495221 0.176316 0.169853 0.152632
15 0.680515 0.170395 0.172794 0.156579
15 0.854779 0.180263 0.149265 0.147368
15 0.855147 0.345395 0.157353 0.148684
15 0.681618 0.350658 0.173529 0.148684
15 0.499265 0.356579 0.166176 0.155263
15 0.320588 0.352632 0.166176 0.155263
15 0.148897 0.351316 0.159559 0.150000
15 0.159926 0.523684 0.158088 0.152632
15 0.328676 0.530921 0.164706 0.156579
15 0.508456 0.531579 0.165441 0.150000
15 0.691544 0.526316 0.163971 0.144737
15 0.863235 0.517763 0.152941 0.148684
15 0.864338 0.688158 0.155147 0.136842
15 0.696691 0.699342 0.163971 0.143421
15 0.517279 0.702632 0.168382 0.152632
15 0.338971 0.697368 0.167647 0.152632
15 0.168015 0.686184 0.156618 0.153947
15 0.178676 0.853947 0.158824 0.147368
15 0.345956 0.863816 0.162500 0.140789
15 0.518750 0.865132 0.162500 0.143421
15 0.692647 0.859868 0.163235 0.140789
15 0.864338 0.850000 0.158088 0.139474
