0 0.154044 0.186842 0.159559 0.160526
0 0.319485 0.175658 0.166912 0.161842
0 0.494118 0.175658 0.180882 0.164474
0 0.673162 0.176316 0.177206 0.171053
0 0.842647 0.184211 0.160294 0.155263
0 0.158456 0.352632 0.161029 0.155263
0 0.324265 0.355263 0.169118 0.168421
0 0.498529 0.351316 0.179412 0.171053
0 0.679044 0.349342 0.169853 0.175000
0 0.845956 0.352632 0.169853 0.160526
0 0.166912 0.517105 0.161765 0.163158
0 0.333088 0.527632 0.170588 0.163158
0 0.505515 0.526316 0.172794 0.163158
0 0.681618 0.521711 0.173529 0.164474
0 0.852206 0.517763 0.164706 0.159211
0 0.173162 0.682895 0.161029 0.168421
0 0.339706 0.694079 0.169118 0.167105
0 0.511397 0.694079 0.172794 0.161842
0 0.684926 0.691447 0.172794 0.156579
0 0.853309 0.684868 0.162500 0.159211
0 0.183824 0.842105 0.160294 0.163158
0 0.347426 0.854605 0.165441 0.159211
0 0.517647 0.854605 0.170588 0.159211
0 0.686029 0.851316 0.164706 0.155263
0 0.850735 0.840789 0.167647 0.155263