0 0.156667 0.227778 0.170667 0.146667
0 0.327333 0.224444 0.170667 0.153333
0 0.498333 0.215000 0.172667 0.145556
0 0.669000 0.206667 0.171333 0.135556
0 0.841333 0.195556 0.168000 0.151111
0 0.839000 0.351111 0.166000 0.137778
0 0.666000 0.364444 0.170667 0.146667
0 0.494000 0.372778 0.173333 0.145556
0 0.322667 0.381111 0.169333 0.148889
0 0.152000 0.383333 0.169333 0.148889
0 0.147333 0.536111 0.169333 0.145556
0 0.321333 0.534444 0.168000 0.142222
0 0.492333 0.524444 0.170000 0.148889
0 0.664667 0.517222 0.172000 0.138889
0 0.836333 0.505556 0.166000 0.148889
0 0.827000 0.656111 0.163333 0.123333
0 0.657667 0.675000 0.167333 0.136667
0 0.487333 0.682222 0.170667 0.144444
0 0.316333 0.686111 0.171333 0.141111
0 0.147667 0.692222 0.167333 0.151111
0 0.152000 0.838333 0.166667 0.150000
0 0.319667 0.837222 0.170000 0.145556
0 0.487000 0.831667 0.171333 0.134444
0 0.657000 0.824444 0.166000 0.140000
0 0.827667 0.808889 0.164667 0.142222