0 0.153676 0.188158 0.154412 0.147368
0 0.319485 0.183553 0.165441 0.153947
0 0.498897 0.182237 0.169853 0.156579
0 0.677941 0.179605 0.173529 0.156579
0 0.849265 0.184868 0.148529 0.138158
0 0.851471 0.354605 0.155882 0.153947
0 0.682721 0.357237 0.166912 0.156579
0 0.503676 0.358553 0.169118 0.156579
0 0.327574 0.356579 0.163971 0.150000
0 0.159191 0.353947 0.152206 0.152632
0 0.168750 0.521053 0.155147 0.144737
0 0.333824 0.526316 0.163235 0.155263
0 0.509559 0.529605 0.163235 0.151316
0 0.687500 0.527632 0.164706 0.150000
0 0.858088 0.517763 0.151471 0.140789
0 0.859559 0.681579 0.151471 0.136842
0 0.690074 0.695395 0.161029 0.140789
0 0.516176 0.698684 0.166176 0.150000
0 0.341544 0.694737 0.162500 0.147368
0 0.177206 0.682895 0.154412 0.147368
0 0.185662 0.842105 0.155147 0.144737
0 0.350735 0.857895 0.157353 0.144737
0 0.522426 0.857895 0.163971 0.136842
0 0.692279 0.852632 0.158088 0.128947
0 0.857721 0.840789 0.153676 0.131579