0 0.152206 0.186842 0.152941 0.142105
0 0.323529 0.186842 0.158824 0.152632
0 0.499265 0.182895 0.169118 0.157895
0 0.676471 0.176316 0.163235 0.144737
0 0.845588 0.190789 0.150000 0.136842
0 0.853309 0.355921 0.152206 0.143421
0 0.680882 0.353947 0.155882 0.150000
0 0.502574 0.359211 0.162500 0.155263
0 0.328309 0.362500 0.165441 0.148684
0 0.160662 0.355921 0.152206 0.146053
0 0.165809 0.521053 0.146324 0.147368
0 0.335662 0.530263 0.159559 0.150000
0 0.512132 0.532237 0.162500 0.153947
0 0.687132 0.526974 0.159559 0.151316
0 0.857353 0.522368 0.157353 0.142105
0 0.861765 0.684868 0.150000 0.143421
0 0.692647 0.691447 0.158824 0.135526
0 0.518750 0.699342 0.162500 0.146053
0 0.344485 0.694079 0.161029 0.156579
0 0.176838 0.684211 0.149265 0.150000
0 0.187132 0.845395 0.150735 0.143421
0 0.351471 0.855263 0.160294 0.144737
0 0.522059 0.860526 0.155882 0.136842
0 0.693382 0.850000 0.157353 0.131579
0 0.861765 0.844737 0.154412 0.136842