0 0.144485 0.171711 0.153676 0.140789
0 0.313603 0.163158 0.177206 0.152632
0 0.497059 0.156579 0.170588 0.152632
0 0.680147 0.161184 0.173529 0.153947
0 0.856250 0.171053 0.155147 0.150000
0 0.857353 0.340132 0.158824 0.143421
0 0.686029 0.344079 0.164706 0.151316
0 0.500368 0.346711 0.166912 0.156579
0 0.322794 0.350000 0.160294 0.147368
0 0.152574 0.344737 0.158088 0.147368
0 0.161765 0.517105 0.155882 0.155263
0 0.328309 0.522368 0.165441 0.155263
0 0.508456 0.526974 0.172794 0.161842
0 0.690441 0.521711 0.161765 0.153947
0 0.866176 0.515132 0.151471 0.151316
0 0.867279 0.685526 0.156618 0.144737
0 0.693382 0.698684 0.161765 0.152632
0 0.515441 0.702632 0.167647 0.152632
0 0.337500 0.698684 0.166176 0.155263
0 0.168015 0.683553 0.155147 0.153947
0 0.176838 0.847368 0.152206 0.144737
0 0.345956 0.867105 0.161029 0.147368
0 0.518750 0.870395 0.162500 0.146053
0 0.693382 0.861184 0.163235 0.140789
0 0.863603 0.850000 0.156618 0.139474