0 0.151471 0.180921 0.161765 0.164474
0 0.318382 0.174342 0.172059 0.175000
0 0.495956 0.175000 0.175735 0.173684
0 0.674632 0.173026 0.180147 0.177632
0 0.844118 0.181579 0.161765 0.165789
0 0.850000 0.348684 0.167647 0.160526
0 0.679779 0.348684 0.177206 0.176316
0 0.501471 0.351316 0.180882 0.176316
0 0.325000 0.350658 0.170588 0.169737
0 0.158088 0.353947 0.163235 0.168421
0 0.164706 0.520395 0.166176 0.167105
0 0.334191 0.521053 0.168382 0.173684
0 0.508088 0.526316 0.176471 0.173684
0 0.683824 0.523026 0.172059 0.175000
0 0.854044 0.519737 0.166912 0.165789
0 0.858824 0.684211 0.166176 0.157895
0 0.687500 0.692763 0.173529 0.167105
0 0.514338 0.694737 0.177206 0.168421
0 0.342647 0.692105 0.173529 0.176316
0 0.173162 0.683553 0.163971 0.169737
0 0.185662 0.847368 0.163971 0.173684
0 0.350735 0.856579 0.167647 0.165789
0 0.520588 0.856579 0.170588 0.157895
0 0.689706 0.854605 0.170588 0.159211
0 0.858088 0.841447 0.164706 0.156579
