0 0.153309 0.186842 0.156618 0.165789
0 0.318015 0.178289 0.172794 0.167105
0 0.494485 0.181579 0.178676 0.178947
0 0.672426 0.177632 0.180147 0.168421
0 0.843750 0.184868 0.163971 0.161842
0 0.848529 0.353947 0.169118 0.163158
0 0.677206 0.349342 0.175000 0.175000
0 0.501103 0.352632 0.178676 0.171053
0 0.323897 0.353289 0.169853 0.167105
0 0.159191 0.351974 0.161029 0.164474
0 0.165809 0.517105 0.161029 0.157895
0 0.334191 0.523684 0.169853 0.171053
0 0.505515 0.526974 0.174265 0.177632
0 0.682353 0.526316 0.177941 0.171053
0 0.854412 0.518421 0.169118 0.163158
0 0.856618 0.681579 0.163235 0.160526
0 0.688971 0.692763 0.175000 0.161842
0 0.514706 0.697368 0.176471 0.171053
0 0.341912 0.690132 0.170588 0.169737
0 0.174265 0.682237 0.163235 0.167105
0 0.186029 0.842105 0.163235 0.165789
0 0.349265 0.853947 0.170588 0.168421
0 0.519485 0.861842 0.169853 0.160526
0 0.688235 0.852632 0.169118 0.150000
0 0.857721 0.847368 0.163971 0.152632