0 0.165000 0.221111 0.156667 0.137778
0 0.336333 0.224444 0.162000 0.142222
0 0.507667 0.217222 0.162000 0.138889
0 0.686000 0.204444 0.162667 0.128889
0 0.157000 0.377778 0.162000 0.137778
0 0.325333 0.379444 0.161333 0.138889
0 0.496333 0.373889 0.164667 0.136667
0 0.667667 0.361667 0.163333 0.134444
0 0.835333 0.354444 0.165333 0.137778
0 0.831333 0.505556 0.166667 0.133333
0 0.662000 0.516667 0.165333 0.137778
0 0.491000 0.523333 0.164667 0.135556
0 0.322667 0.531667 0.161333 0.138889
0 0.156000 0.535000 0.158667 0.143333
0 0.154667 0.686667 0.161333 0.135556
0 0.322000 0.684444 0.161333 0.131111
0 0.490000 0.676667 0.164000 0.137778
0 0.660333 0.668889 0.163333 0.128889
0 0.827667 0.655556 0.158000 0.124444
0 0.821667 0.807778 0.159333 0.128889
0 0.655000 0.820000 0.160667 0.131111
0 0.489667 0.825000 0.163333 0.136667
0 0.322333 0.830000 0.160667 0.128889
0 0.160000 0.832222 0.157333 0.135556
0 0.838667 0.206111 0.125333 0.130000
