0 0.152941 0.182895 0.152941 0.147368
0 0.315441 0.175000 0.167647 0.163158
0 0.495588 0.174342 0.173529 0.159211
0 0.677206 0.170395 0.173529 0.164474
0 0.847794 0.182895 0.152941 0.157895
0 0.853676 0.353947 0.155882 0.152632
0 0.680515 0.351974 0.171324 0.161842
0 0.500368 0.353947 0.175735 0.165789
0 0.321691 0.354605 0.169853 0.167105
0 0.155882 0.353289 0.151471 0.153947
0 0.165441 0.517105 0.155882 0.150000
0 0.332721 0.528289 0.168382 0.172368
0 0.506985 0.528947 0.172794 0.155263
0 0.683456 0.524342 0.168382 0.159211
0 0.854412 0.520395 0.158824 0.151316
0 0.857721 0.684868 0.156618 0.143421
0 0.172426 0.681579 0.159559 0.155263
0 0.340441 0.696711 0.166176 0.156579
0 0.515074 0.700000 0.171324 0.155263
0 0.690809 0.695395 0.165441 0.151316
0 0.183088 0.839474 0.160294 0.157895
0 0.350000 0.853289 0.163235 0.156579
0 0.517279 0.859868 0.163971 0.148684
0 0.688235 0.851316 0.161765 0.136842
0 0.855882 0.844737 0.155882 0.142105