0 0.155333 0.238889 0.170667 0.146667
0 0.326667 0.237222 0.172000 0.141111
0 0.497667 0.226111 0.170000 0.138889
0 0.665000 0.217778 0.172667 0.131111
0 0.829333 0.358889 0.169333 0.135556
0 0.659667 0.369444 0.162000 0.134444
0 0.489667 0.378889 0.167333 0.133333
0 0.321333 0.388889 0.161333 0.148889
0 0.151333 0.384444 0.161333 0.135556
0 0.153000 0.540000 0.162000 0.137778
0 0.321333 0.541667 0.165333 0.138889
0 0.489000 0.536111 0.166000 0.136667
0 0.660000 0.527778 0.161333 0.128889
0 0.826667 0.510000 0.161333 0.135556
0 0.824333 0.661111 0.164667 0.128889
0 0.657000 0.676667 0.163333 0.137778
0 0.489333 0.682778 0.161333 0.134444
0 0.319000 0.688333 0.163333 0.130000
0 0.154667 0.690556 0.157333 0.145556
0 0.159000 0.839444 0.158000 0.138889
0 0.322667 0.836667 0.160000 0.128889
0 0.490000 0.832778 0.160000 0.136667
0 0.657000 0.825000 0.159333 0.125556
0 0.821000 0.814444 0.152667 0.122222
0 0.831333 0.207222 0.142667 0.125556
