0 0.150333 0.205000 0.159333 0.132222
0 0.327667 0.199444 0.158000 0.132222
0 0.648000 0.191667 0.161333 0.125556
0 0.822333 0.179444 0.162000 0.130000
0 0.833333 0.334444 0.162667 0.131111
0 0.660667 0.346667 0.164000 0.131111
0 0.489333 0.352778 0.162667 0.132222
0 0.316333 0.357222 0.160667 0.134444
0 0.143000 0.357222 0.156667 0.130000
0 0.144333 0.513889 0.158000 0.132222
0 0.316667 0.514444 0.164000 0.126667
0 0.486000 0.508889 0.156000 0.131111
0 0.658667 0.498889 0.160000 0.135556
0 0.828667 0.491111 0.157333 0.128889
0 0.824000 0.643333 0.158667 0.131111
0 0.653000 0.651667 0.159333 0.136667
0 0.483667 0.661667 0.160667 0.143333
0 0.313667 0.661111 0.160667 0.131111
0 0.144333 0.664444 0.162000 0.135556
0 0.150000 0.813333 0.157333 0.140000
0 0.316667 0.814444 0.158667 0.140000
0 0.482667 0.808333 0.160000 0.130000
0 0.651667 0.805000 0.159333 0.130000
0 0.818000 0.794444 0.158667 0.133333
1 0.487000 0.203333 0.144667 0.135556