0 0.147059 0.185526 0.152941 0.150000
0 0.316176 0.182237 0.172059 0.161842
0 0.493750 0.181579 0.174265 0.160526
0 0.674632 0.180263 0.171324 0.163158
0 0.846324 0.186842 0.158824 0.147368
0 0.848529 0.355263 0.160294 0.157895
0 0.675000 0.355921 0.175000 0.161842
0 0.154412 0.354605 0.155882 0.153947
0 0.322794 0.355921 0.166176 0.159211
0 0.499265 0.355921 0.175000 0.161842
0 0.678309 0.358553 0.174265 0.164474
0 0.848529 0.349342 0.158824 0.151316
0 0.853309 0.524342 0.163971 0.156579
0 0.681985 0.528947 0.177206 0.157895
0 0.504044 0.527632 0.174265 0.165789
0 0.330515 0.527632 0.168382 0.165789
0 0.160294 0.517105 0.161765 0.155263
0 0.173162 0.682895 0.161029 0.152632
0 0.340074 0.688158 0.169853 0.160526
0 0.512868 0.695395 0.172794 0.161842
0 0.685294 0.693421 0.172059 0.160526
0 0.854412 0.686842 0.161765 0.150000
0 0.853676 0.844079 0.161765 0.140789
0 0.685662 0.853289 0.168382 0.146053
0 0.515441 0.856579 0.169118 0.150000
0 0.345956 0.850658 0.163971 0.159211
0 0.180882 0.842763 0.160294 0.151316
