0 0.155000 0.220556 0.170000 0.145556
0 0.324333 0.216667 0.168667 0.144444
0 0.498000 0.213889 0.166667 0.145556
0 0.670000 0.207222 0.169333 0.138889
0 0.842333 0.192778 0.168667 0.143333
0 0.840000 0.346667 0.166667 0.142222
0 0.668667 0.361667 0.170667 0.134444
0 0.495333 0.366667 0.169333 0.146667
0 0.322667 0.371667 0.168000 0.147778
0 0.151667 0.378333 0.167333 0.147778
0 0.148000 0.535000 0.164000 0.145556
0 0.319000 0.530556 0.171333 0.147778
0 0.492333 0.525000 0.170000 0.141111
0 0.666333 0.519444 0.167333 0.143333
0 0.836667 0.507222 0.170667 0.141111
0 0.834333 0.663889 0.163333 0.125556
0 0.661333 0.672778 0.168000 0.143333
0 0.491333 0.678333 0.172000 0.143333
0 0.316667 0.684444 0.172000 0.144444
0 0.148000 0.688333 0.164000 0.145556
0 0.154667 0.839444 0.164000 0.145556
0 0.320667 0.836667 0.169333 0.142222
0 0.488333 0.834444 0.167333 0.137778
0 0.656667 0.824444 0.164000 0.140000
0 0.829000 0.818333 0.166000 0.136667
