0 0.150000 0.180921 0.150000 0.159211
0 0.315809 0.178289 0.174265 0.177632
0 0.496691 0.178947 0.175735 0.168421
0 0.679044 0.173026 0.174265 0.167105
0 0.848529 0.184211 0.155882 0.160526
0 0.851471 0.351974 0.161765 0.159211
0 0.680147 0.351974 0.172059 0.169737
0 0.500368 0.354605 0.177206 0.172368
0 0.325368 0.355263 0.171324 0.173684
0 0.156985 0.351974 0.158088 0.159211
0 0.161765 0.517763 0.155882 0.164474
0 0.329044 0.526316 0.171324 0.176316
0 0.504412 0.528289 0.180882 0.172368
0 0.684559 0.528289 0.173529 0.175000
0 0.856618 0.521053 0.164706 0.160526
0 0.858456 0.687500 0.161029 0.143421
0 0.687868 0.694079 0.169853 0.148684
0 0.513235 0.697368 0.173529 0.160526
0 0.339338 0.695395 0.171324 0.169737
0 0.170221 0.678947 0.161029 0.165789
0 0.178676 0.838158 0.163235 0.157895
0 0.344485 0.855921 0.161029 0.153947
0 0.514338 0.860526 0.166912 0.144737
0 0.686029 0.856579 0.169118 0.144737
0 0.857353 0.845395 0.158824 0.148684
