15 0.152667 0.204444 0.162667 0.140000
15 0.322000 0.197778 0.161333 0.124444
15 0.494667 0.196111 0.161333 0.130000
15 0.662000 0.185000 0.161333 0.132222
15 0.830333 0.168333 0.155333 0.116667
15 0.829333 0.323333 0.152000 0.120000
15 0.657667 0.345000 0.158000 0.123333
15 0.489000 0.350556 0.160667 0.125556
15 0.317667 0.350000 0.160667 0.131111
15 0.149333 0.358889 0.160000 0.124444
15 0.143000 0.512222 0.123333 0.097778
15 0.310333 0.507222 0.122000 0.087778
15 0.484667 0.503889 0.142667 0.092222
15 0.661667 0.487222 0.150000 0.072222
15 0.822333 0.484444 0.130000 0.062222
15 0.825000 0.630000 0.160667 0.097778
15 0.648000 0.645000 0.149333 0.114444
15 0.479333 0.651667 0.129333 0.116667
15 0.310333 0.660556 0.123333 0.105556
15 0.146000 0.663333 0.110667 0.106667
15 0.145333 0.815556 0.110667 0.113333
15 0.315667 0.810000 0.108667 0.117778
15 0.480333 0.805000 0.154000 0.103333
15 0.648000 0.795556 0.128000 0.124444
15 0.813000 0.783889 0.132667 0.096667
