0 0.155000 0.227778 0.166000 0.137778
0 0.326000 0.227222 0.169333 0.145556
0 0.499667 0.218889 0.166000 0.137778
0 0.670333 0.210000 0.166000 0.126667
0 0.843667 0.199444 0.163333 0.138889
0 0.842000 0.353889 0.165333 0.138889
0 0.669000 0.368333 0.164667 0.143333
0 0.494333 0.376667 0.167333 0.140000
0 0.321333 0.382222 0.164000 0.148889
0 0.150333 0.383889 0.166000 0.145556
0 0.147667 0.542778 0.164667 0.143333
0 0.319667 0.541111 0.172667 0.146667
0 0.494000 0.532222 0.172000 0.142222
0 0.667000 0.523333 0.168667 0.137778
0 0.840000 0.512778 0.161333 0.138889
0 0.832333 0.665556 0.164667 0.135556
0 0.662667 0.681111 0.168000 0.131111
0 0.489667 0.683889 0.170000 0.138889
0 0.317000 0.693889 0.166000 0.134444
0 0.147333 0.695556 0.166667 0.135556
0 0.151667 0.843333 0.164667 0.135556
0 0.318667 0.842778 0.164000 0.136667
0 0.488667 0.840000 0.164000 0.135556
0 0.660000 0.831667 0.161333 0.138889
0 0.829333 0.820556 0.162667 0.130000
