15 0.152333 0.203889 0.162000 0.130000
15 0.323667 0.200000 0.162000 0.131111
15 0.494333 0.195556 0.164667 0.126667
15 0.663000 0.184444 0.162000 0.131111
15 0.833667 0.171667 0.152667 0.130000
15 0.827667 0.328889 0.158000 0.128889
15 0.660000 0.344444 0.160000 0.126667
15 0.489333 0.350556 0.157333 0.127778
15 0.319000 0.355556 0.160667 0.124444
15 0.148667 0.360000 0.157333 0.133333
15 0.145667 0.512778 0.156667 0.134444
15 0.315000 0.508889 0.159333 0.131111
15 0.486333 0.501667 0.158000 0.130000
15 0.657000 0.493889 0.159333 0.127778
15 0.826000 0.485556 0.160000 0.126667
15 0.817000 0.635000 0.160667 0.123333
15 0.652333 0.646111 0.152667 0.125556
15 0.482667 0.657778 0.158667 0.133333
15 0.311000 0.659444 0.159333 0.127778
15 0.143333 0.662778 0.158667 0.136667
15 0.150333 0.813333 0.150000 0.133333
15 0.314333 0.811667 0.152667 0.127778
15 0.481333 0.806111 0.160000 0.125556
15 0.647333 0.798889 0.157333 0.122222
15 0.814333 0.785556 0.158000 0.124444
