0 0.152667 0.204444 0.172000 0.148889
0 0.322333 0.200000 0.172667 0.155556
0 0.493333 0.193889 0.174667 0.152222
0 0.663000 0.185556 0.171333 0.151111
0 0.835000 0.176111 0.168667 0.156667
0 0.832333 0.331667 0.172667 0.152222
0 0.658667 0.341667 0.170667 0.150000
0 0.489000 0.347222 0.171333 0.145556
0 0.316333 0.355556 0.170000 0.142222
0 0.148000 0.358889 0.170667 0.157778
0 0.145667 0.511111 0.171333 0.153333
0 0.313000 0.511667 0.171333 0.150000
0 0.485667 0.506111 0.172667 0.152222
0 0.656667 0.501667 0.170667 0.147778
0 0.830333 0.485556 0.171333 0.148889
0 0.821667 0.641667 0.175333 0.145556
0 0.651333 0.653333 0.166667 0.146667
0 0.482667 0.657778 0.172000 0.146667
0 0.313000 0.662778 0.171333 0.147778
0 0.144000 0.668333 0.173333 0.147778
0 0.146333 0.816667 0.170000 0.151111
0 0.313000 0.815000 0.168667 0.152222
0 0.480000 0.808889 0.169333 0.146667
0 0.649333 0.810000 0.169333 0.155556
0 0.817000 0.793889 0.167333 0.150000