0 0.147794 0.165789 0.152941 0.131579
0 0.317647 0.164474 0.155882 0.155263
0 0.497059 0.164474 0.167647 0.155263
0 0.677206 0.156579 0.166176 0.147368
0 0.852941 0.169079 0.152941 0.148684
0 0.855147 0.342105 0.155882 0.152632
0 0.682353 0.343421 0.166176 0.152632
0 0.500000 0.347368 0.169118 0.155263
0 0.324265 0.343421 0.158824 0.155263
0 0.152941 0.342763 0.151471 0.148684
0 0.161029 0.513816 0.154412 0.151316
0 0.330515 0.521053 0.165441 0.152632
0 0.506618 0.527632 0.167647 0.150000
0 0.688971 0.519079 0.163235 0.151316
0 0.862500 0.513816 0.151471 0.140789
0 0.863235 0.682895 0.154412 0.142105
0 0.693382 0.689474 0.164706 0.147368
0 0.516176 0.698026 0.166176 0.153947
0 0.339338 0.694737 0.161029 0.152632
0 0.170588 0.679605 0.155882 0.148684
0 0.182353 0.842763 0.154412 0.148684
0 0.349265 0.859868 0.160294 0.148684
0 0.520221 0.863816 0.163971 0.143421
0 0.693750 0.853947 0.159559 0.136842
0 0.859191 0.845395 0.161029 0.146053