0 0.152333 0.207222 0.172667 0.156667
0 0.322667 0.202222 0.173333 0.155556
0 0.493667 0.192778 0.174000 0.150000
0 0.665667 0.188333 0.172667 0.145556
0 0.836000 0.180000 0.173333 0.153333
0 0.832000 0.331667 0.170667 0.147778
0 0.662000 0.342222 0.172000 0.144444
0 0.491333 0.349444 0.174667 0.156667
0 0.319000 0.358889 0.178000 0.153333
0 0.146333 0.358333 0.171333 0.156667
0 0.145333 0.513889 0.172000 0.156667
0 0.313667 0.511667 0.174000 0.152222
0 0.487333 0.505000 0.173333 0.154444
0 0.656667 0.498333 0.172000 0.154444
0 0.828667 0.486667 0.172000 0.151111
0 0.822667 0.640556 0.173333 0.145556
0 0.653667 0.651667 0.174000 0.138889
0 0.482667 0.658333 0.173333 0.150000
0 0.313333 0.663333 0.170667 0.146667
0 0.143667 0.664444 0.174000 0.153333
0 0.148000 0.816111 0.173333 0.154444
0 0.314667 0.814444 0.169333 0.151111
0 0.483000 0.807778 0.170000 0.146667
0 0.649667 0.799444 0.166000 0.141111
0 0.818000 0.791111 0.169333 0.144444