0 0.156250 0.190132 0.156618 0.148684
0 0.319118 0.189474 0.172059 0.152632
0 0.493382 0.187500 0.173529 0.156579
0 0.675000 0.187500 0.175000 0.159211
0 0.842279 0.191447 0.158088 0.148684
0 0.845956 0.355921 0.162500 0.156579
0 0.674632 0.360526 0.175735 0.165789
0 0.500368 0.358553 0.177206 0.156579
0 0.327941 0.358553 0.163235 0.153947
0 0.161029 0.354605 0.157353 0.156579
0 0.165809 0.518421 0.158088 0.152632
0 0.331618 0.526974 0.167647 0.156579
0 0.506985 0.526974 0.174265 0.156579
0 0.680515 0.528947 0.171324 0.157895
0 0.850368 0.525000 0.161029 0.155263
0 0.851838 0.682895 0.162500 0.142105
0 0.684559 0.692763 0.167647 0.153947
0 0.509926 0.695395 0.175735 0.156579
0 0.338971 0.689474 0.169118 0.150000
0 0.174632 0.682237 0.159559 0.161842
0 0.184926 0.834868 0.159559 0.146053
0 0.346691 0.845395 0.165441 0.148684
0 0.517647 0.853289 0.167647 0.156579
0 0.683456 0.850658 0.165441 0.146053
0 0.850735 0.844079 0.163235 0.148684
