15 0.150333 0.202222 0.159333 0.135556
15 0.320333 0.191111 0.163333 0.133333
15 0.491000 0.188333 0.163333 0.125556
15 0.663333 0.180556 0.164000 0.136667
15 0.835333 0.171667 0.158667 0.134444
15 0.829333 0.326111 0.162667 0.132222
15 0.660000 0.340000 0.161333 0.131111
15 0.488000 0.348889 0.164000 0.131111
15 0.318000 0.352222 0.158667 0.142222
15 0.146333 0.357222 0.162000 0.138889
15 0.144000 0.512778 0.157333 0.143333
15 0.315667 0.506111 0.162000 0.141111
15 0.485333 0.503333 0.162667 0.137778
15 0.656333 0.497222 0.160667 0.127778
15 0.825000 0.484444 0.160667 0.131111
15 0.819667 0.636111 0.158000 0.127778
15 0.650667 0.648889 0.164000 0.131111
15 0.481333 0.651111 0.165333 0.133333
15 0.311333 0.662222 0.164000 0.135556
15 0.143333 0.663889 0.161333 0.134444
15 0.146667 0.815000 0.160000 0.134444
15 0.313000 0.812778 0.162000 0.127778
15 0.482333 0.807222 0.159333 0.136667
15 0.648333 0.801111 0.160667 0.128889
15 0.817333 0.786667 0.157333 0.128889
