0 0.141912 0.176974 0.164706 0.146053
0 0.319118 0.180263 0.172059 0.155263
0 0.496324 0.179605 0.176471 0.156579
0 0.677941 0.179605 0.173529 0.167105
0 0.848529 0.184211 0.157353 0.147368
0 0.157721 0.353947 0.161029 0.147368
0 0.325000 0.359211 0.172059 0.165789
0 0.503309 0.358553 0.178676 0.167105
0 0.684559 0.355263 0.170588 0.157895
0 0.852206 0.353947 0.157353 0.155263
0 0.164338 0.519737 0.153676 0.157895
0 0.332353 0.530921 0.172059 0.156579
0 0.508088 0.532237 0.173529 0.159211
0 0.684926 0.526316 0.174265 0.157895
0 0.856618 0.521053 0.163235 0.152632
0 0.173897 0.685526 0.155147 0.157895
0 0.343015 0.695395 0.168382 0.159211
0 0.518015 0.700658 0.169853 0.151316
0 0.691176 0.693421 0.167647 0.144737
0 0.861397 0.686184 0.161029 0.138158
0 0.186765 0.842763 0.161765 0.151316
0 0.351103 0.855921 0.166912 0.156579
0 0.521324 0.859868 0.172059 0.148684
0 0.693382 0.853947 0.166176 0.152632
0 0.859191 0.845395 0.161029 0.140789