0 0.153676 0.194737 0.155882 0.157895
0 0.319853 0.180921 0.169118 0.161842
0 0.495221 0.178947 0.178676 0.168421
0 0.678676 0.175000 0.177941 0.171053
0 0.846691 0.180921 0.153676 0.161842
0 0.851103 0.352632 0.156618 0.152632
0 0.680515 0.357237 0.172794 0.161842
0 0.501103 0.359211 0.175735 0.165789
0 0.327206 0.356579 0.167647 0.160526
0 0.161029 0.355921 0.155882 0.153947
0 0.169485 0.517105 0.155147 0.155263
0 0.334559 0.526316 0.169118 0.160526
0 0.508088 0.530921 0.170588 0.164474
0 0.682353 0.526316 0.170588 0.163158
0 0.852941 0.516447 0.164706 0.146053
0 0.854044 0.681579 0.162500 0.144737
0 0.685662 0.692763 0.168382 0.151316
0 0.513971 0.697368 0.170588 0.157895
0 0.341176 0.692763 0.166176 0.159211
0 0.175368 0.679605 0.156618 0.159211
0 0.185294 0.838158 0.160294 0.150000
0 0.349632 0.850658 0.162500 0.159211
0 0.519118 0.853289 0.164706 0.156579
0 0.688235 0.849342 0.164706 0.151316
0 0.854779 0.840789 0.162500 0.144737
