15 0.154000 0.202778 0.158667 0.134444
15 0.321000 0.198889 0.159333 0.133333
15 0.493667 0.193333 0.163333 0.135556
15 0.662667 0.182222 0.158667 0.124444
15 0.834333 0.171667 0.154000 0.130000
15 0.829333 0.326111 0.154667 0.130000
15 0.659000 0.340000 0.159333 0.131111
15 0.491000 0.346111 0.166000 0.125556
15 0.315000 0.353333 0.159333 0.133333
15 0.145333 0.356667 0.153333 0.128889
15 0.143667 0.513889 0.158000 0.143333
15 0.312667 0.506111 0.161333 0.134444
15 0.485667 0.502222 0.163333 0.131111
15 0.656000 0.493889 0.157333 0.134444
15 0.826000 0.482778 0.160000 0.123333
15 0.820667 0.636667 0.158667 0.124444
15 0.650000 0.646667 0.160000 0.124444
15 0.480667 0.652222 0.158667 0.128889
15 0.311667 0.660000 0.160667 0.133333
15 0.142667 0.662222 0.156000 0.137778
15 0.149000 0.811667 0.158000 0.127778
15 0.313333 0.810556 0.153333 0.125556
15 0.479667 0.803889 0.162000 0.130000
15 0.650000 0.800556 0.162667 0.127778
15 0.815333 0.786667 0.161333 0.124444
