0 0.160000 0.226111 0.165333 0.143333
0 0.328000 0.223333 0.168000 0.140000
0 0.499667 0.223333 0.175333 0.148889
0 0.671333 0.207222 0.168000 0.125556
0 0.841667 0.195000 0.166000 0.147778
0 0.838333 0.350000 0.172667 0.140000
0 0.668000 0.360556 0.172000 0.138889
0 0.498333 0.376111 0.168667 0.150000
0 0.324333 0.375556 0.166000 0.142222
0 0.152333 0.382778 0.168667 0.147778
0 0.151667 0.538333 0.170000 0.145556
0 0.320667 0.536667 0.169333 0.137778
0 0.494000 0.528333 0.170667 0.143333
0 0.665667 0.521111 0.164667 0.137778
0 0.836667 0.506667 0.166667 0.144444
0 0.832333 0.660556 0.167333 0.134444
0 0.661333 0.671667 0.166667 0.136667
0 0.493333 0.680000 0.174667 0.142222
0 0.322667 0.680000 0.176000 0.140000
0 0.151000 0.686111 0.171333 0.150000
0 0.156000 0.836111 0.170667 0.143333
0 0.321000 0.838333 0.164667 0.145556
0 0.492000 0.828889 0.162667 0.146667
0 0.661000 0.822778 0.166000 0.136667
0 0.828333 0.811667 0.163333 0.138889