0 0.148529 0.178289 0.166176 0.156579
0 0.320956 0.178947 0.168382 0.165789
0 0.496691 0.173684 0.172794 0.165789
0 0.675368 0.178947 0.169853 0.160526
0 0.847059 0.182895 0.152941 0.157895
0 0.158456 0.350658 0.161029 0.159211
0 0.325000 0.346053 0.169118 0.168421
0 0.501471 0.350658 0.176471 0.172368
0 0.678676 0.348026 0.175000 0.169737
0 0.850000 0.349342 0.158824 0.151316
0 0.851103 0.516447 0.165441 0.148684
0 0.682353 0.522368 0.170588 0.157895
0 0.506985 0.526974 0.178676 0.159211
0 0.332721 0.522368 0.168382 0.163158
0 0.163971 0.517763 0.154412 0.161842
0 0.173529 0.680921 0.158824 0.156579
0 0.337868 0.691447 0.166912 0.161842
0 0.511397 0.694737 0.174265 0.160526
0 0.686765 0.688816 0.170588 0.159211
0 0.855882 0.681579 0.157353 0.155263
0 0.851103 0.840132 0.161029 0.143421
0 0.686029 0.849342 0.166176 0.146053
0 0.514706 0.855263 0.169118 0.155263
0 0.348162 0.851316 0.163971 0.160526
0 0.181618 0.834868 0.157353 0.148684
