0 0.154779 0.178947 0.153676 0.152632
0 0.320956 0.175658 0.159559 0.148684
0 0.498162 0.179605 0.171324 0.153947
0 0.680882 0.169737 0.173529 0.157895
0 0.852206 0.184211 0.147059 0.152632
0 0.856985 0.349342 0.156618 0.146053
0 0.685662 0.351316 0.171324 0.150000
0 0.504412 0.356579 0.170588 0.150000
0 0.328309 0.352632 0.161029 0.147368
0 0.158088 0.353289 0.157353 0.143421
0 0.163971 0.520395 0.151471 0.151316
0 0.335294 0.527632 0.161765 0.152632
0 0.512500 0.530921 0.169118 0.156579
0 0.689706 0.525000 0.160294 0.147368
0 0.861029 0.519079 0.155882 0.148684
0 0.863971 0.687500 0.155882 0.140789
0 0.695956 0.696053 0.171324 0.150000
0 0.519485 0.702632 0.166912 0.147368
0 0.343015 0.695395 0.168382 0.153947
0 0.175000 0.685526 0.155882 0.157895
0 0.185662 0.850000 0.158088 0.150000
0 0.351838 0.860526 0.159559 0.147368
0 0.523897 0.865132 0.161029 0.153947
0 0.694853 0.857895 0.160294 0.142105
0 0.864338 0.849342 0.159559 0.140789