0 0.153676 0.188158 0.148529 0.150000
0 0.318015 0.180263 0.168382 0.155263
0 0.494118 0.180263 0.172059 0.160526
0 0.677206 0.175658 0.170588 0.169737
0 0.845588 0.189474 0.150000 0.147368
0 0.848162 0.355921 0.155147 0.153947
0 0.677206 0.357237 0.166176 0.159211
0 0.499265 0.357895 0.169118 0.160526
0 0.324632 0.354605 0.165441 0.159211
0 0.159559 0.351974 0.154412 0.151316
0 0.167279 0.520395 0.155147 0.151316
0 0.332353 0.528289 0.166176 0.161842
0 0.505882 0.529605 0.167647 0.153947
0 0.682721 0.526316 0.165441 0.157895
0 0.851838 0.526316 0.153676 0.147368
0 0.852941 0.685526 0.157353 0.144737
0 0.686397 0.693421 0.165441 0.147368
0 0.513235 0.697368 0.172059 0.150000
0 0.339706 0.691447 0.163235 0.151316
0 0.173529 0.681579 0.157353 0.144737
0 0.182353 0.838158 0.154412 0.142105
0 0.347426 0.851316 0.159559 0.144737
0 0.516176 0.859868 0.161765 0.143421
0 0.687500 0.853947 0.161765 0.134211
0 0.852574 0.844737 0.158088 0.136842