0 0.145588 0.179605 0.163235 0.156579
0 0.315441 0.177632 0.173529 0.168421
0 0.494485 0.180263 0.178676 0.173684
0 0.674265 0.180921 0.179412 0.177632
0 0.845956 0.187500 0.159559 0.159211
0 0.152574 0.350000 0.163971 0.163158
0 0.320588 0.357895 0.173529 0.181579
0 0.499265 0.358553 0.179412 0.180263
0 0.679044 0.355921 0.177206 0.177632
0 0.851471 0.353947 0.166176 0.165789
0 0.159559 0.517763 0.161765 0.161842
0 0.330147 0.527632 0.170588 0.181579
0 0.504044 0.532895 0.181618 0.178947
0 0.683088 0.526974 0.177941 0.172368
0 0.856250 0.520395 0.171324 0.164474
0 0.169485 0.683553 0.165441 0.169737
0 0.338971 0.696053 0.173529 0.171053
0 0.511397 0.698684 0.177206 0.168421
0 0.688235 0.694079 0.175000 0.161842
0 0.858824 0.687500 0.170588 0.156579
0 0.181985 0.845395 0.163971 0.167105
0 0.346691 0.858553 0.166912 0.164474
0 0.518382 0.863158 0.172059 0.155263
0 0.688603 0.855921 0.166912 0.156579
0 0.858456 0.848026 0.168382 0.159211
