15 0.151667 0.204444 0.160667 0.137778
15 0.320333 0.203333 0.164667 0.142222
15 0.492000 0.192222 0.164000 0.140000
15 0.663667 0.185556 0.162000 0.140000
15 0.831667 0.175000 0.156667 0.147778
15 0.828000 0.328889 0.158667 0.137778
15 0.656667 0.342778 0.165333 0.132222
15 0.486667 0.343889 0.169333 0.138889
15 0.313333 0.355556 0.165333 0.137778
15 0.146667 0.356667 0.160000 0.142222
15 0.143667 0.515556 0.160667 0.148889
15 0.315000 0.508333 0.160667 0.138889
15 0.484333 0.500556 0.167333 0.136667
15 0.655333 0.493889 0.162667 0.125556
15 0.826667 0.481667 0.158667 0.134444
15 0.821333 0.634444 0.161333 0.135556
15 0.649667 0.647778 0.164667 0.128889
15 0.478667 0.656667 0.170667 0.137778
15 0.316000 0.659444 0.164000 0.136667
15 0.138667 0.660556 0.161333 0.134444
15 0.144000 0.816111 0.160000 0.134444
15 0.311667 0.810556 0.162000 0.127778
15 0.478667 0.806667 0.161333 0.135556
15 0.647000 0.798889 0.160667 0.124444
15 0.815333 0.788333 0.161333 0.136667
