15 0.156667 0.205000 0.165333 0.138889
15 0.325000 0.204444 0.164667 0.128889
15 0.493333 0.195556 0.165333 0.131111
15 0.663000 0.190000 0.162000 0.133333
15 0.833333 0.178889 0.161333 0.142222
15 0.152667 0.357222 0.161333 0.132222
15 0.320000 0.356111 0.164000 0.136667
15 0.489333 0.350556 0.168000 0.130000
15 0.659667 0.339444 0.166000 0.127778
15 0.825333 0.330000 0.164000 0.135556
15 0.149000 0.511667 0.160667 0.141111
15 0.314667 0.507222 0.162667 0.138889
15 0.484667 0.500000 0.165333 0.137778
15 0.653667 0.493889 0.167333 0.130000
15 0.824333 0.487222 0.162000 0.141111
15 0.145000 0.660556 0.160667 0.134444
15 0.313333 0.656667 0.168000 0.142222
15 0.480667 0.650556 0.164000 0.138889
15 0.648000 0.646667 0.161333 0.131111
15 0.814333 0.633333 0.162000 0.126667
15 0.152667 0.808889 0.162667 0.137778
15 0.315333 0.803333 0.157333 0.133333
15 0.481667 0.800556 0.163333 0.125556
15 0.646000 0.793889 0.161333 0.132222
15 0.811667 0.783889 0.166000 0.134444
