0 0.844853 0.347368 0.163235 0.163158
0 0.678309 0.350000 0.177206 0.173684
0 0.500000 0.359868 0.182353 0.167105
0 0.325000 0.348026 0.172059 0.164474
0 0.159191 0.351316 0.162500 0.165789
0 0.165809 0.516447 0.158088 0.159211
0 0.329779 0.517105 0.169853 0.168421
0 0.506985 0.530921 0.175735 0.177632
0 0.683456 0.523684 0.175735 0.173684
0 0.852574 0.518421 0.161029 0.165789
0 0.854412 0.682895 0.167647 0.163158
0 0.686029 0.690132 0.172059 0.164474
0 0.514338 0.689474 0.177206 0.163158
0 0.339338 0.689474 0.169853 0.171053
0 0.173529 0.678289 0.161765 0.169737
0 0.183824 0.840789 0.166176 0.163158
0 0.347426 0.850000 0.168382 0.160526
0 0.518015 0.860526 0.169853 0.155263
0 0.688603 0.851316 0.168382 0.150000
0 0.854412 0.843421 0.158824 0.150000
0 0.157353 0.183553 0.166176 0.156579
0 0.320588 0.182237 0.167647 0.167105
0 0.494485 0.179605 0.175735 0.167105
0 0.670956 0.175658 0.180147 0.175000
0 0.844118 0.181579 0.158824 0.147368