15 0.149000 0.206111 0.160667 0.138889
15 0.319667 0.201667 0.162000 0.136667
15 0.492000 0.193333 0.162667 0.135556
15 0.662333 0.184444 0.164667 0.140000
15 0.833667 0.175000 0.160667 0.138889
15 0.830333 0.331667 0.159333 0.136667
15 0.658667 0.341111 0.161333 0.133333
15 0.487000 0.351667 0.159333 0.141111
15 0.315333 0.354444 0.162667 0.140000
15 0.145000 0.360556 0.159333 0.136667
15 0.140667 0.514444 0.156000 0.137778
15 0.310333 0.512222 0.162000 0.133333
15 0.480667 0.508889 0.161333 0.131111
15 0.652667 0.496111 0.158667 0.136667
15 0.825000 0.486111 0.163333 0.134444
15 0.820000 0.636111 0.162667 0.136667
15 0.649333 0.650556 0.157333 0.130000
15 0.479000 0.662222 0.163333 0.140000
15 0.307667 0.667222 0.163333 0.132222
15 0.140667 0.665556 0.162667 0.133333
15 0.143333 0.818889 0.161333 0.131111
15 0.311333 0.813889 0.161333 0.132222
15 0.479000 0.811111 0.160667 0.128889
15 0.648000 0.803333 0.160000 0.128889
15 0.813667 0.790556 0.160667 0.130000
