0 0.147000 0.208333 0.170000 0.152222
0 0.319667 0.201111 0.172667 0.155556
0 0.491000 0.196667 0.176667 0.148889
0 0.664000 0.193889 0.170667 0.152222
0 0.835000 0.186667 0.172667 0.153333
0 0.831000 0.346111 0.172667 0.158889
0 0.660333 0.350556 0.174000 0.147778
0 0.489000 0.355556 0.174000 0.144444
0 0.314000 0.359444 0.173333 0.147778
0 0.144667 0.365000 0.172000 0.156667
0 0.143000 0.518333 0.170000 0.152222
0 0.313000 0.516667 0.174000 0.148889
0 0.484667 0.513333 0.177333 0.155556
0 0.657333 0.507778 0.174667 0.148889
0 0.828333 0.497778 0.172667 0.151111
0 0.141667 0.670556 0.168667 0.152222
0 0.312000 0.670000 0.172000 0.153333
0 0.481667 0.665556 0.171333 0.148889
0 0.653667 0.662778 0.174000 0.152222
0 0.824000 0.650556 0.170667 0.143333
0 0.142333 0.820556 0.172667 0.147778
0 0.311000 0.823333 0.167333 0.153333
0 0.480000 0.816111 0.170667 0.145556
0 0.649000 0.815556 0.170000 0.148889
0 0.819000 0.806111 0.171333 0.147778