0 0.156667 0.206111 0.162667 0.132222
0 0.327000 0.198889 0.162000 0.135556
0 0.495333 0.198333 0.164000 0.134444
0 0.667333 0.187222 0.164000 0.125556
0 0.148333 0.361111 0.162000 0.137778
0 0.320667 0.356111 0.162667 0.138889
0 0.489667 0.351667 0.164667 0.130000
0 0.660333 0.346111 0.162000 0.127778
0 0.831333 0.330556 0.160000 0.132222
0 0.824667 0.485000 0.161333 0.132222
0 0.654333 0.496667 0.162000 0.124444
0 0.486333 0.506111 0.163333 0.132222
0 0.316667 0.511111 0.161333 0.135556
0 0.149667 0.515000 0.159333 0.143333
0 0.149667 0.666667 0.160667 0.137778
0 0.318000 0.663333 0.161333 0.137778
0 0.485667 0.659444 0.162000 0.134444
0 0.655000 0.652778 0.159333 0.127778
0 0.822000 0.635556 0.157333 0.133333
0 0.818667 0.790000 0.162667 0.126667
0 0.651000 0.802222 0.159333 0.128889
0 0.483333 0.807778 0.161333 0.133333
0 0.318000 0.812778 0.160000 0.136667
0 0.150667 0.815000 0.161333 0.138889
0 0.835000 0.182778 0.159333 0.130000
