15 0.146324 0.165789 0.157353 0.150000
15 0.314338 0.164474 0.162500 0.155263
15 0.497426 0.164474 0.175735 0.160526
15 0.681618 0.159211 0.167647 0.155263
15 0.856250 0.170395 0.150735 0.159211
15 0.860662 0.343421 0.153676 0.152632
15 0.685662 0.343421 0.171324 0.155263
15 0.503309 0.344079 0.171324 0.161842
15 0.320956 0.343421 0.168382 0.157895
15 0.150368 0.343421 0.150735 0.150000
15 0.156985 0.515789 0.153676 0.152632
15 0.327574 0.523684 0.165441 0.163158
15 0.508088 0.527632 0.173529 0.157895
15 0.691912 0.524342 0.169118 0.156579
15 0.865809 0.516447 0.155147 0.153947
15 0.868015 0.686184 0.156618 0.151316
15 0.694485 0.694737 0.168382 0.144737
15 0.519485 0.701974 0.169853 0.164474
15 0.340074 0.698684 0.168382 0.160526
15 0.168750 0.684868 0.158088 0.156579
15 0.179044 0.847368 0.156618 0.155263
15 0.344118 0.867105 0.161765 0.144737
15 0.521691 0.865132 0.165441 0.146053
15 0.693750 0.859868 0.165441 0.148684
15 0.865441 0.851316 0.163235 0.144737
