0 0.149632 0.176974 0.162500 0.164474
0 0.316176 0.173026 0.166176 0.175000
0 0.492647 0.175000 0.179412 0.176316
0 0.673162 0.163816 0.178676 0.169737
0 0.843382 0.175658 0.161765 0.167105
0 0.847426 0.342763 0.169853 0.167105
0 0.675368 0.343421 0.180147 0.171053
0 0.497426 0.346053 0.180147 0.178947
0 0.321324 0.344737 0.172059 0.184211
0 0.154044 0.342105 0.161029 0.163158
0 0.162132 0.515132 0.162500 0.167105
0 0.327574 0.517105 0.174265 0.171053
0 0.504044 0.521053 0.178676 0.171053
0 0.681250 0.520395 0.178676 0.175000
0 0.851838 0.515789 0.168382 0.163158
0 0.854044 0.681579 0.166912 0.165789
0 0.687868 0.686842 0.175735 0.173684
0 0.512500 0.694079 0.173529 0.172368
0 0.340809 0.686184 0.171324 0.175000
0 0.170956 0.676974 0.162500 0.167105
0 0.181985 0.842105 0.163971 0.168421
0 0.348897 0.851974 0.169853 0.164474
0 0.516176 0.857895 0.169118 0.163158
0 0.688603 0.853947 0.168382 0.160526
0 0.854779 0.844079 0.163971 0.156579
