0 0.156667 0.231667 0.168000 0.154444
0 0.326333 0.220556 0.170000 0.147778
0 0.498333 0.217222 0.172667 0.152222
0 0.670000 0.208889 0.174667 0.146667
0 0.842667 0.196667 0.170667 0.148889
0 0.840333 0.353333 0.171333 0.148889
0 0.667667 0.365556 0.171333 0.146667
0 0.496000 0.372222 0.173333 0.144444
0 0.319667 0.376111 0.172667 0.147778
0 0.150333 0.384444 0.167333 0.157778
0 0.149000 0.537778 0.168667 0.153333
0 0.318333 0.530000 0.170000 0.148889
0 0.492667 0.525556 0.173333 0.148889
0 0.665333 0.522778 0.169333 0.145556
0 0.834667 0.507222 0.174667 0.145556
0 0.831333 0.663333 0.166667 0.144444
0 0.659667 0.671667 0.168667 0.150000
0 0.489000 0.678889 0.168667 0.144444
0 0.316000 0.683333 0.172000 0.148889
0 0.146667 0.688333 0.169333 0.150000
0 0.153000 0.838333 0.167333 0.138889
0 0.321333 0.835000 0.168000 0.145556
0 0.488667 0.828889 0.166667 0.144444
0 0.658667 0.825000 0.165333 0.141111
0 0.826000 0.812778 0.164000 0.132222
