0 0.152000 0.201111 0.156000 0.135556
0 0.322333 0.198889 0.160667 0.131111
0 0.490000 0.190556 0.162667 0.134444
0 0.663667 0.178889 0.158000 0.126667
0 0.830667 0.167222 0.153333 0.138889
0 0.827667 0.323889 0.159333 0.130000
0 0.659000 0.337778 0.162000 0.128889
0 0.485000 0.348333 0.158000 0.130000
0 0.317667 0.355000 0.162000 0.134444
0 0.143667 0.357222 0.160667 0.134444
0 0.142000 0.512778 0.158667 0.134444
0 0.314000 0.510000 0.158667 0.131111
0 0.483000 0.503889 0.159333 0.130000
0 0.652667 0.492222 0.156000 0.122222
0 0.823667 0.476667 0.155333 0.128889
0 0.140000 0.661111 0.156000 0.131111
0 0.309667 0.660556 0.159333 0.130000
0 0.479667 0.654444 0.159333 0.124444
0 0.647333 0.645556 0.161333 0.126667
0 0.816667 0.627778 0.156000 0.120000
0 0.812333 0.778333 0.156667 0.123333
0 0.647667 0.797778 0.159333 0.117778
0 0.481667 0.803889 0.160667 0.130000
0 0.313000 0.810556 0.156667 0.130000
0 0.148000 0.810556 0.158667 0.141111