0 0.143015 0.167763 0.159559 0.148684
0 0.311397 0.159868 0.166912 0.151316
0 0.493015 0.158553 0.174265 0.161842
0 0.675735 0.158553 0.172059 0.151316
0 0.847426 0.167763 0.155147 0.143421
0 0.854779 0.340789 0.155147 0.150000
0 0.679412 0.342763 0.176471 0.148684
0 0.497794 0.341447 0.173529 0.156579
0 0.319118 0.341447 0.167647 0.153947
0 0.153676 0.342763 0.157353 0.140789
0 0.159191 0.513816 0.155147 0.151316
0 0.327574 0.521053 0.168382 0.155263
0 0.504779 0.521711 0.174265 0.153947
0 0.683824 0.522368 0.164706 0.157895
0 0.858824 0.513816 0.157353 0.146053
0 0.858824 0.683553 0.151471 0.146053
0 0.689706 0.694079 0.164706 0.153947
0 0.513971 0.698026 0.169118 0.151316
0 0.337500 0.692105 0.163235 0.152632
0 0.169485 0.680921 0.159559 0.148684
0 0.178309 0.842105 0.155147 0.147368
0 0.345588 0.859211 0.163235 0.150000
0 0.516544 0.863158 0.166912 0.144737
0 0.690074 0.859211 0.162500 0.142105
0 0.857721 0.844737 0.156618 0.136842