0 0.152333 0.227222 0.158000 0.138889
0 0.323667 0.223333 0.164667 0.137778
0 0.496000 0.218889 0.164000 0.137778
0 0.668667 0.210556 0.164000 0.134444
0 0.840000 0.203333 0.162667 0.140000
0 0.840000 0.355556 0.162667 0.137778
0 0.665667 0.367778 0.166000 0.133333
0 0.494000 0.376667 0.165333 0.137778
0 0.320333 0.380000 0.167333 0.137778
0 0.148667 0.389444 0.162667 0.147778
0 0.146000 0.543333 0.158667 0.140000
0 0.317667 0.535000 0.164667 0.136667
0 0.490333 0.533333 0.160667 0.140000
0 0.663000 0.525000 0.160667 0.132222
0 0.837333 0.512222 0.160000 0.135556
0 0.830000 0.668333 0.162667 0.123333
0 0.660333 0.677222 0.163333 0.130000
0 0.486333 0.685000 0.166000 0.132222
0 0.314333 0.690556 0.159333 0.138889
0 0.146000 0.694444 0.161333 0.140000
0 0.148333 0.847778 0.162000 0.133333
0 0.317333 0.845556 0.161333 0.137778
0 0.486333 0.845000 0.163333 0.145556
0 0.656667 0.835556 0.162667 0.128889
0 0.826000 0.821111 0.164000 0.140000
