0 0.154333 0.227222 0.168667 0.145556
0 0.325000 0.220556 0.163333 0.143333
0 0.499333 0.215000 0.164000 0.132222
0 0.669667 0.208333 0.167333 0.141111
0 0.842667 0.196667 0.161333 0.142222
0 0.840667 0.352778 0.166667 0.136667
0 0.668667 0.366667 0.164000 0.135556
0 0.495667 0.371111 0.170000 0.144444
0 0.323667 0.382222 0.167333 0.146667
0 0.150667 0.387222 0.165333 0.141111
0 0.148667 0.537778 0.164000 0.142222
0 0.319000 0.534444 0.167333 0.144444
0 0.491667 0.530556 0.170000 0.136667
0 0.666000 0.522222 0.166667 0.142222
0 0.839667 0.510556 0.164667 0.134444
0 0.834333 0.665000 0.164667 0.123333
0 0.662333 0.675556 0.166000 0.135556
0 0.491000 0.681111 0.166000 0.140000
0 0.318000 0.687778 0.166667 0.142222
0 0.149000 0.689444 0.162000 0.147778
0 0.153667 0.843333 0.163333 0.135556
0 0.322000 0.840556 0.164000 0.138889
0 0.492333 0.835556 0.164667 0.135556
0 0.660000 0.827778 0.160000 0.135556
0 0.827667 0.820556 0.162000 0.132222