0 0.155882 0.173684 0.157353 0.147368
0 0.318750 0.165132 0.168382 0.153947
0 0.495588 0.166447 0.173529 0.156579
0 0.673529 0.167763 0.172059 0.167105
0 0.841544 0.175000 0.156618 0.157895
0 0.846324 0.345395 0.158824 0.153947
0 0.677206 0.344737 0.170588 0.157895
0 0.498897 0.348026 0.175735 0.169737
0 0.325735 0.344079 0.169118 0.164474
0 0.161029 0.340789 0.154412 0.160526
0 0.168015 0.510526 0.159559 0.163158
0 0.331618 0.516447 0.164706 0.164474
0 0.505515 0.519737 0.172794 0.160526
0 0.680515 0.516447 0.168382 0.156579
0 0.849632 0.512500 0.159559 0.151316
0 0.852574 0.678947 0.158088 0.152632
0 0.687500 0.686842 0.164706 0.155263
0 0.511765 0.690789 0.169118 0.163158
0 0.339706 0.688816 0.166176 0.161842
0 0.174632 0.668421 0.159559 0.152632
0 0.183088 0.828947 0.157353 0.157895
0 0.344853 0.850658 0.158824 0.156579
0 0.513971 0.854605 0.169118 0.153947
0 0.684191 0.848684 0.163971 0.144737
0 0.850000 0.838158 0.158824 0.152632