0 0.156667 0.226667 0.160000 0.137778
0 0.327667 0.221111 0.163333 0.137778
0 0.498667 0.217222 0.168000 0.141111
0 0.669333 0.208333 0.164000 0.141111
0 0.841000 0.195000 0.163333 0.143333
0 0.154667 0.383333 0.162667 0.146667
0 0.324000 0.376111 0.165333 0.138889
0 0.494667 0.370556 0.162667 0.138889
0 0.668333 0.365000 0.163333 0.141111
0 0.838000 0.352778 0.162667 0.136667
0 0.835333 0.509444 0.165333 0.136667
0 0.664333 0.518889 0.162000 0.135556
0 0.493000 0.526667 0.170000 0.140000
0 0.319000 0.533333 0.162000 0.137778
0 0.151333 0.540000 0.158667 0.137778
0 0.151333 0.688333 0.161333 0.141111
0 0.320667 0.687222 0.162667 0.136667
0 0.490333 0.679444 0.163333 0.136667
0 0.659667 0.677222 0.162000 0.132222
0 0.831000 0.660000 0.163333 0.128889
0 0.156000 0.839444 0.157333 0.136667
0 0.323333 0.835000 0.162667 0.136667
0 0.490000 0.830000 0.162667 0.133333
0 0.659000 0.825000 0.162000 0.132222
0 0.827000 0.815000 0.162000 0.125556
