0 0.156667 0.227778 0.162667 0.140000
0 0.327667 0.222778 0.164667 0.134444
0 0.498667 0.218889 0.168000 0.137778
0 0.669667 0.207778 0.164667 0.133333
0 0.840333 0.198889 0.166000 0.140000
0 0.838000 0.353889 0.164000 0.141111
0 0.667000 0.366667 0.166000 0.137778
0 0.495333 0.373333 0.164000 0.140000
0 0.320667 0.379444 0.165333 0.143333
0 0.150000 0.382778 0.166667 0.141111
0 0.148667 0.538333 0.166667 0.145556
0 0.321333 0.536111 0.168000 0.145556
0 0.493333 0.526667 0.165333 0.140000
0 0.664000 0.520556 0.165333 0.136667
0 0.834000 0.506667 0.165333 0.135556
0 0.829000 0.660556 0.163333 0.134444
0 0.659333 0.673333 0.162667 0.133333
0 0.488333 0.681667 0.163333 0.127778
0 0.318000 0.684444 0.165333 0.137778
0 0.149333 0.687778 0.164000 0.140000
0 0.154667 0.841667 0.165333 0.138889
0 0.322000 0.838333 0.161333 0.134444
0 0.487667 0.832778 0.164667 0.141111
0 0.657333 0.826111 0.165333 0.134444
0 0.826000 0.815000 0.162667 0.132222