0 0.156000 0.230556 0.166667 0.145556
0 0.325333 0.225556 0.168000 0.142222
0 0.498333 0.218889 0.166000 0.144444
0 0.670333 0.215556 0.171333 0.135556
0 0.842667 0.205000 0.166667 0.145556
0 0.839667 0.356667 0.168667 0.140000
0 0.668667 0.366667 0.177333 0.135556
0 0.492333 0.370000 0.168667 0.144444
0 0.322000 0.380556 0.165333 0.145556
0 0.150333 0.392778 0.170000 0.152222
0 0.149000 0.542222 0.162000 0.142222
0 0.319333 0.537778 0.169333 0.146667
0 0.492333 0.529444 0.175333 0.150000
0 0.666000 0.521667 0.166667 0.150000
0 0.832667 0.510000 0.166667 0.140000
0 0.831000 0.665000 0.164667 0.134444
0 0.661333 0.675556 0.165333 0.135556
0 0.491000 0.681667 0.175333 0.150000
0 0.318000 0.683333 0.172000 0.135556
0 0.148000 0.690556 0.164000 0.145556
0 0.148667 0.845000 0.164000 0.136667
0 0.318333 0.838333 0.167333 0.141111
0 0.488000 0.832778 0.169333 0.132222
0 0.659000 0.833889 0.164667 0.145556
0 0.827333 0.822222 0.164000 0.135556
