0 0.159333 0.225556 0.165333 0.144444
0 0.324333 0.222778 0.162000 0.141111
0 0.495667 0.218889 0.163333 0.140000
0 0.668667 0.209444 0.166667 0.130000
0 0.837667 0.192778 0.166000 0.134444
0 0.836667 0.348889 0.166667 0.142222
0 0.664000 0.362778 0.170667 0.132222
0 0.493667 0.372222 0.171333 0.144444
0 0.322333 0.377778 0.167333 0.140000
0 0.153667 0.380556 0.168667 0.145556
0 0.153667 0.533889 0.168667 0.145556
0 0.322000 0.529444 0.169333 0.150000
0 0.493000 0.525556 0.170000 0.142222
0 0.665333 0.515000 0.165333 0.134444
0 0.834333 0.503333 0.164667 0.140000
0 0.830667 0.655000 0.165333 0.143333
0 0.661000 0.670556 0.163333 0.127778
0 0.492000 0.677222 0.168000 0.134444
0 0.321000 0.683333 0.166000 0.135556
0 0.153000 0.683333 0.162000 0.144444
0 0.157000 0.833333 0.164667 0.140000
0 0.321000 0.832222 0.166000 0.148889
0 0.489667 0.827222 0.167333 0.138889
0 0.660333 0.816667 0.167333 0.131111
0 0.826333 0.806667 0.166000 0.140000
