0 0.156333 0.208333 0.159333 0.136667
0 0.322667 0.206111 0.156000 0.125556
0 0.494667 0.200556 0.157333 0.125556
0 0.664667 0.192778 0.160000 0.127778
0 0.831667 0.184444 0.152667 0.133333
0 0.829000 0.335556 0.154000 0.124444
0 0.151000 0.361111 0.156667 0.131111
0 0.322667 0.358889 0.157333 0.131111
0 0.490000 0.352222 0.157333 0.131111
0 0.661333 0.345000 0.156000 0.130000
0 0.823000 0.487222 0.156667 0.121111
0 0.657333 0.501667 0.158667 0.125556
0 0.485333 0.505000 0.157333 0.130000
0 0.317000 0.512778 0.163333 0.132222
0 0.146667 0.512778 0.154667 0.132222
0 0.146000 0.665556 0.158667 0.140000
0 0.314333 0.662778 0.156667 0.130000
0 0.484000 0.657778 0.157333 0.131111
0 0.651667 0.648889 0.162000 0.128889
0 0.822000 0.641111 0.157333 0.117778
0 0.813333 0.786111 0.153333 0.118889
0 0.648333 0.799444 0.158000 0.121111
0 0.482667 0.801667 0.154667 0.136667
0 0.316333 0.806111 0.158000 0.125556
0 0.152667 0.811111 0.156000 0.137778