0 0.159000 0.225556 0.163333 0.137778
0 0.327333 0.219444 0.164000 0.132222
0 0.498000 0.215556 0.164000 0.135556
0 0.670667 0.203333 0.164000 0.131111
0 0.840000 0.191667 0.162667 0.136667
0 0.837000 0.344444 0.163333 0.135556
0 0.665667 0.360556 0.166000 0.130000
0 0.493333 0.371111 0.165333 0.137778
0 0.323667 0.377778 0.164667 0.140000
0 0.152333 0.382778 0.164667 0.138889
0 0.151333 0.536111 0.160000 0.138889
0 0.321000 0.533333 0.163333 0.135556
0 0.491667 0.526667 0.164667 0.137778
0 0.663333 0.516667 0.165333 0.131111
0 0.834000 0.500556 0.162667 0.132222
0 0.830000 0.656667 0.165333 0.126667
0 0.658333 0.672222 0.166000 0.124444
0 0.488333 0.677778 0.163333 0.133333
0 0.317667 0.682778 0.163333 0.141111
0 0.148667 0.686667 0.157333 0.137778
0 0.154000 0.838333 0.160000 0.138889
0 0.321000 0.838889 0.162000 0.144444
0 0.488667 0.827778 0.165333 0.135556
0 0.657000 0.823333 0.160667 0.131111
0 0.825333 0.808889 0.158667 0.133333