0 0.127206 0.163816 0.182353 0.185526
0 0.314338 0.171053 0.174265 0.181579
0 0.495221 0.164474 0.184559 0.189474
0 0.681618 0.167105 0.180882 0.184211
0 0.856250 0.176316 0.159559 0.163158
0 0.855147 0.348684 0.161765 0.168421
0 0.681250 0.348026 0.178676 0.177632
0 0.501103 0.350658 0.184559 0.177632
0 0.321324 0.348684 0.176471 0.181579
0 0.147059 0.349342 0.169118 0.175000
0 0.156250 0.518421 0.174265 0.163158
0 0.328676 0.525000 0.177941 0.176316
0 0.508456 0.526974 0.181618 0.177632
0 0.688235 0.523684 0.180882 0.173684
0 0.859926 0.517763 0.169853 0.161842
0 0.862132 0.682237 0.166912 0.167105
0 0.693382 0.693421 0.177941 0.168421
0 0.518382 0.697368 0.177941 0.165789
0 0.340809 0.698684 0.175735 0.171053
0 0.170221 0.685526 0.171324 0.176316
0 0.180882 0.848026 0.166176 0.164474
0 0.348529 0.863158 0.173529 0.165789
0 0.518015 0.863158 0.177206 0.152632
0 0.690441 0.853947 0.175000 0.152632
0 0.858824 0.848684 0.167647 0.163158
