0 0.152574 0.186184 0.161029 0.148684
0 0.320588 0.180263 0.169118 0.163158
0 0.497059 0.181579 0.177941 0.160526
0 0.675368 0.183553 0.175735 0.172368
0 0.845956 0.190132 0.159559 0.148684
0 0.848529 0.355263 0.167647 0.157895
0 0.678309 0.359211 0.174265 0.168421
0 0.498162 0.357237 0.175735 0.172368
0 0.322794 0.353947 0.170588 0.171053
0 0.156985 0.355921 0.156618 0.164474
0 0.162500 0.522368 0.158824 0.171053
0 0.327941 0.527632 0.167647 0.171053
0 0.502206 0.526974 0.177941 0.172368
0 0.683088 0.528947 0.175000 0.168421
0 0.854412 0.523026 0.164706 0.159211
0 0.854779 0.684211 0.162500 0.152632
0 0.686029 0.693421 0.173529 0.160526
0 0.511029 0.694737 0.176471 0.150000
0 0.340074 0.693421 0.172794 0.163158
0 0.175000 0.684211 0.161765 0.165789
0 0.180515 0.842105 0.159559 0.152632
0 0.347059 0.851974 0.166176 0.153947
0 0.516912 0.857237 0.166176 0.156579
0 0.686765 0.853289 0.167647 0.146053
0 0.854044 0.843421 0.159559 0.142105
