0 0.155667 0.201667 0.140667 0.112222
0 0.317000 0.193333 0.120667 0.084444
0 0.488667 0.190000 0.114667 0.082222
0 0.667333 0.181111 0.138667 0.111111
0 0.827000 0.171667 0.148667 0.118889
0 0.823333 0.325000 0.130667 0.098889
0 0.658667 0.336667 0.153333 0.126667
0 0.483333 0.346667 0.116000 0.075556
0 0.312000 0.351111 0.121333 0.120000
0 0.152000 0.365000 0.093333 0.105556
0 0.132667 0.506111 0.141333 0.110000
0 0.313333 0.503333 0.128000 0.106667
0 0.490000 0.497222 0.138667 0.130000
0 0.649000 0.483889 0.127333 0.103333
0 0.817333 0.473333 0.146667 0.108889
0 0.813000 0.623333 0.144667 0.108889
0 0.646333 0.636111 0.138000 0.098889
0 0.477667 0.651667 0.142000 0.105556
0 0.310667 0.655000 0.130667 0.112222
0 0.146000 0.662222 0.144000 0.122222
0 0.147667 0.809444 0.159333 0.123333
0 0.314000 0.811111 0.146667 0.115556
0 0.479333 0.797222 0.158667 0.112222
0 0.649000 0.792778 0.131333 0.096667
0 0.811667 0.778333 0.151333 0.116667