0 0.157667 0.227222 0.172667 0.147778
0 0.327000 0.225556 0.168667 0.148889
0 0.497667 0.222222 0.167333 0.137778
0 0.669667 0.211667 0.174000 0.141111
0 0.841667 0.197222 0.166000 0.145556
0 0.837333 0.355000 0.165333 0.132222
0 0.664000 0.367778 0.169333 0.144444
0 0.493333 0.376111 0.177333 0.147778
0 0.321000 0.385556 0.162000 0.140000
0 0.153000 0.384444 0.167333 0.157778
0 0.150000 0.540000 0.169333 0.146667
0 0.318333 0.536667 0.170000 0.144444
0 0.495000 0.532778 0.166000 0.143333
0 0.665333 0.521111 0.166667 0.144444
0 0.836000 0.507222 0.169333 0.134444
0 0.831667 0.659444 0.168667 0.130000
0 0.659333 0.673889 0.170667 0.136667
0 0.489000 0.685556 0.171333 0.140000
0 0.319000 0.685556 0.171333 0.151111
0 0.148333 0.690556 0.167333 0.150000
0 0.153333 0.841667 0.169333 0.145556
0 0.322333 0.836111 0.167333 0.143333
0 0.488333 0.831111 0.167333 0.140000
0 0.659667 0.827222 0.167333 0.143333
0 0.828333 0.815556 0.167333 0.148889
