0 0.150000 0.206111 0.152000 0.141111
0 0.320667 0.201667 0.160000 0.132222
0 0.491000 0.191667 0.162000 0.127778
0 0.660333 0.186111 0.159333 0.130000
0 0.832000 0.173889 0.156000 0.132222
0 0.826667 0.327222 0.157333 0.136667
0 0.659000 0.341667 0.163333 0.123333
0 0.488000 0.353889 0.164000 0.136667
0 0.314000 0.355556 0.169333 0.140000
0 0.145000 0.360556 0.162000 0.138889
0 0.141333 0.512222 0.165333 0.137778
0 0.311000 0.511667 0.159333 0.141111
0 0.481333 0.501111 0.161333 0.133333
0 0.652000 0.497222 0.156000 0.127778
0 0.823667 0.481111 0.160667 0.122222
0 0.817667 0.633333 0.160667 0.126667
0 0.644000 0.652778 0.165333 0.125556
0 0.476000 0.657778 0.162667 0.133333
0 0.308000 0.663889 0.162667 0.138889
0 0.139667 0.663333 0.162000 0.146667
0 0.146000 0.815000 0.161333 0.132222
0 0.313333 0.812222 0.158667 0.133333
0 0.479333 0.807222 0.161333 0.130000
0 0.648667 0.804444 0.158667 0.135556
0 0.817667 0.780000 0.156667 0.133333