0 0.154667 0.230556 0.164000 0.138889
0 0.326000 0.224444 0.164000 0.137778
0 0.497667 0.219444 0.168667 0.136667
0 0.669667 0.210000 0.166000 0.137778
0 0.840333 0.198889 0.163333 0.146667
0 0.837667 0.353333 0.162000 0.140000
0 0.667000 0.367222 0.166000 0.132222
0 0.494000 0.375556 0.170667 0.142222
0 0.321000 0.381111 0.166000 0.135556
0 0.151667 0.384444 0.159333 0.137778
0 0.149333 0.538889 0.162667 0.140000
0 0.319333 0.535556 0.165333 0.140000
0 0.490667 0.528333 0.165333 0.134444
0 0.664667 0.521667 0.168000 0.130000
0 0.836000 0.508889 0.161333 0.137778
0 0.148000 0.690000 0.161333 0.133333
0 0.319333 0.690556 0.158667 0.134444
0 0.488000 0.681111 0.164000 0.135556
0 0.660667 0.675556 0.162667 0.128889
0 0.831333 0.661111 0.161333 0.126667
0 0.153333 0.841111 0.161333 0.135556
0 0.321000 0.838333 0.163333 0.136667
0 0.488333 0.832222 0.162000 0.133333
0 0.656667 0.823333 0.161333 0.128889
0 0.826000 0.814444 0.164000 0.126667
