0 0.154333 0.201667 0.167333 0.147778
0 0.325333 0.198889 0.169333 0.146667
0 0.494667 0.195556 0.173333 0.146667
0 0.662667 0.188333 0.178667 0.156667
0 0.835000 0.175000 0.171333 0.163333
0 0.832333 0.327778 0.172667 0.144444
0 0.662000 0.342222 0.168000 0.144444
0 0.491667 0.348333 0.174000 0.150000
0 0.322000 0.350556 0.170667 0.150000
0 0.152000 0.358333 0.170667 0.161111
0 0.149667 0.512222 0.170000 0.155556
0 0.319333 0.508889 0.170667 0.148889
0 0.488667 0.502222 0.173333 0.146667
0 0.660333 0.497778 0.176667 0.153333
0 0.827333 0.483889 0.172000 0.145556
0 0.821333 0.636667 0.172000 0.144444
0 0.653667 0.647222 0.170000 0.154444
0 0.483333 0.653889 0.172000 0.154444
0 0.315333 0.660000 0.166667 0.148889
0 0.148667 0.663889 0.170667 0.150000
0 0.150667 0.812778 0.168000 0.150000
0 0.317667 0.808333 0.167333 0.150000
0 0.485000 0.803889 0.167333 0.141111
0 0.649000 0.797778 0.163333 0.140000
0 0.817333 0.789444 0.172000 0.136667
