0 0.157000 0.195556 0.170000 0.151111
0 0.324333 0.194444 0.171333 0.148889
0 0.492333 0.188889 0.171333 0.146667
0 0.662333 0.177222 0.168667 0.138889
0 0.828333 0.171667 0.164667 0.147778
0 0.826000 0.322778 0.168000 0.147778
0 0.658667 0.333333 0.169333 0.148889
0 0.489333 0.338889 0.172000 0.148889
0 0.319333 0.347778 0.168000 0.146667
0 0.153000 0.351111 0.170000 0.155556
0 0.149667 0.505556 0.167333 0.146667
0 0.317333 0.505000 0.173333 0.152222
0 0.485333 0.495556 0.168000 0.153333
0 0.655000 0.488333 0.168667 0.147778
0 0.821667 0.479444 0.166000 0.150000
0 0.818333 0.630000 0.167333 0.144444
0 0.650333 0.641111 0.171333 0.146667
0 0.482333 0.643889 0.172667 0.150000
0 0.313667 0.656111 0.170000 0.150000
0 0.147333 0.655556 0.166667 0.151111
0 0.151333 0.806667 0.165333 0.137778
0 0.315667 0.804444 0.162000 0.146667
0 0.481667 0.796111 0.166000 0.141111
0 0.649000 0.791667 0.164667 0.147778
0 0.814000 0.785000 0.169333 0.145556