0 0.153667 0.230556 0.162000 0.141111
0 0.325333 0.225556 0.165333 0.137778
0 0.497667 0.222778 0.166000 0.134444
0 0.672000 0.217778 0.165333 0.140000
0 0.843000 0.202222 0.167333 0.142222
0 0.842667 0.359444 0.164000 0.134444
0 0.669000 0.372222 0.166000 0.133333
0 0.496667 0.379444 0.168000 0.141111
0 0.321667 0.382222 0.164667 0.142222
0 0.146333 0.388889 0.167333 0.137778
0 0.150333 0.541111 0.166000 0.148889
0 0.318667 0.537778 0.165333 0.142222
0 0.489667 0.536667 0.167333 0.135556
0 0.664000 0.528333 0.161333 0.130000
0 0.836000 0.512778 0.164000 0.132222
0 0.147667 0.695556 0.164667 0.137778
0 0.319667 0.693889 0.170000 0.136667
0 0.489333 0.690556 0.165333 0.134444
0 0.661333 0.677778 0.165333 0.135556
0 0.834667 0.672222 0.165333 0.135556
0 0.827333 0.822222 0.166667 0.133333
0 0.660333 0.835556 0.164667 0.133333
0 0.491000 0.835000 0.167333 0.130000
0 0.319000 0.845556 0.162000 0.142222
0 0.150000 0.845556 0.161333 0.144444
