15 0.154000 0.211667 0.156000 0.136667
15 0.321333 0.206111 0.161333 0.132222
15 0.491000 0.197222 0.162000 0.127778
15 0.660667 0.193889 0.158667 0.123333
15 0.829000 0.186111 0.154000 0.136667
15 0.827000 0.342222 0.154000 0.131111
15 0.656000 0.346111 0.157333 0.130000
15 0.488667 0.352778 0.160000 0.125556
15 0.316333 0.361111 0.160667 0.128889
15 0.148333 0.361667 0.156667 0.134444
15 0.145333 0.516667 0.157333 0.135556
15 0.315667 0.513333 0.162000 0.135556
15 0.483333 0.508333 0.158667 0.136667
15 0.653333 0.497778 0.162667 0.133333
15 0.822000 0.492222 0.157333 0.128889
15 0.814667 0.643333 0.157333 0.124444
15 0.650000 0.652222 0.162667 0.133333
15 0.481333 0.657778 0.162667 0.135556
15 0.313000 0.660556 0.162000 0.132222
15 0.147333 0.663889 0.162667 0.136667
15 0.148667 0.812778 0.161333 0.132222
15 0.315333 0.806111 0.156000 0.127778
15 0.479667 0.805556 0.159333 0.128889
15 0.647000 0.802778 0.158000 0.132222
15 0.813667 0.793333 0.160667 0.131111
