0 0.150000 0.176316 0.158824 0.144737
0 0.318382 0.171053 0.169118 0.150000
0 0.495956 0.169079 0.172794 0.161842
0 0.676838 0.171053 0.171324 0.152632
0 0.848897 0.179605 0.152206 0.151316
0 0.851103 0.350000 0.159559 0.147368
0 0.679044 0.348684 0.172794 0.160526
0 0.501103 0.347368 0.171324 0.155263
0 0.323529 0.348026 0.166176 0.148684
0 0.156250 0.345395 0.152206 0.143421
0 0.161397 0.516447 0.153676 0.146053
0 0.329044 0.520395 0.168382 0.161842
0 0.507721 0.525000 0.169853 0.155263
0 0.684926 0.520395 0.165441 0.143421
0 0.855882 0.518421 0.157353 0.147368
0 0.858824 0.686842 0.157353 0.136842
0 0.688603 0.694737 0.165441 0.147368
0 0.513603 0.698026 0.166912 0.148684
0 0.336029 0.693421 0.160294 0.152632
0 0.170588 0.682237 0.155882 0.153947
0 0.180147 0.846053 0.154412 0.142105
0 0.347426 0.856579 0.159559 0.147368
0 0.517647 0.855921 0.163235 0.132895
0 0.688971 0.855921 0.161765 0.140789
0 0.856618 0.846053 0.155882 0.134211
