0 0.149632 0.168421 0.155147 0.142105
0 0.320221 0.167763 0.163971 0.148684
0 0.498897 0.162500 0.166912 0.156579
0 0.679044 0.159211 0.168382 0.150000
0 0.850000 0.172368 0.151471 0.150000
0 0.853309 0.340132 0.155147 0.153947
0 0.680515 0.343421 0.166912 0.155263
0 0.502941 0.346711 0.172059 0.156579
0 0.325000 0.349342 0.161765 0.156579
0 0.159926 0.342763 0.153676 0.143421
0 0.163971 0.511184 0.154412 0.148684
0 0.330882 0.519737 0.158824 0.152632
0 0.507353 0.525000 0.167647 0.155263
0 0.687132 0.521053 0.159559 0.142105
0 0.855882 0.511842 0.155882 0.139474
0 0.858824 0.678289 0.151471 0.130263
0 0.688971 0.688158 0.163235 0.147368
0 0.515809 0.697368 0.162500 0.147368
0 0.341912 0.691447 0.161765 0.151316
0 0.173162 0.678947 0.158088 0.152632
0 0.186029 0.844079 0.154412 0.148684
0 0.350000 0.851316 0.155882 0.142105
0 0.517279 0.858553 0.163971 0.127632
0 0.691176 0.856579 0.161765 0.136842
0 0.858824 0.842763 0.154412 0.138158