15 0.156333 0.205556 0.159333 0.131111
15 0.325333 0.203889 0.161333 0.132222
15 0.493333 0.200556 0.160000 0.130000
15 0.665333 0.190000 0.157333 0.128889
15 0.830000 0.179444 0.157333 0.134444
15 0.825667 0.330000 0.158000 0.128889
15 0.657667 0.342222 0.159333 0.124444
15 0.487000 0.353889 0.160667 0.132222
15 0.318667 0.359444 0.160000 0.134444
15 0.149667 0.358333 0.159333 0.136667
15 0.147667 0.510000 0.158000 0.142222
15 0.314667 0.509444 0.160000 0.134444
15 0.484333 0.500000 0.159333 0.133333
15 0.652667 0.494444 0.162667 0.122222
15 0.822667 0.478889 0.161333 0.131111
15 0.816333 0.632222 0.158000 0.131111
15 0.650000 0.641667 0.158667 0.127778
15 0.482000 0.655000 0.161333 0.134444
15 0.314000 0.658333 0.160000 0.134444
15 0.148000 0.655556 0.161333 0.140000
15 0.151667 0.807778 0.159333 0.135556
15 0.317667 0.803889 0.158000 0.132222
15 0.483333 0.803333 0.158667 0.137778
15 0.647667 0.791667 0.158000 0.130000
15 0.814000 0.783333 0.157333 0.128889
