15 0.152667 0.202222 0.156000 0.131111
15 0.320667 0.203333 0.157333 0.133333
15 0.494333 0.196667 0.163333 0.133333
15 0.664667 0.190556 0.161333 0.136667
15 0.835000 0.176111 0.158000 0.138889
15 0.829667 0.333333 0.154000 0.128889
15 0.659333 0.341667 0.168000 0.127778
15 0.489667 0.354444 0.160667 0.133333
15 0.316667 0.357778 0.158667 0.128889
15 0.147333 0.357222 0.156000 0.125556
15 0.145333 0.516111 0.157333 0.127778
15 0.316667 0.514444 0.158667 0.133333
15 0.483667 0.504444 0.160667 0.131111
15 0.655667 0.496111 0.162000 0.127778
15 0.823333 0.483889 0.162667 0.127778
15 0.817333 0.634444 0.154667 0.122222
15 0.651667 0.650556 0.160667 0.118889
15 0.481333 0.655556 0.158667 0.120000
15 0.313000 0.661667 0.158000 0.130000
15 0.146333 0.663333 0.155333 0.133333
15 0.148667 0.812778 0.157333 0.125556
15 0.312333 0.813333 0.160667 0.137778
15 0.477667 0.805556 0.164667 0.142222
15 0.648667 0.795556 0.161333 0.122222
15 0.816333 0.785000 0.154000 0.134444
