15 0.157667 0.203889 0.155333 0.125556
15 0.326667 0.203889 0.162667 0.123333
15 0.495000 0.195000 0.156667 0.123333
15 0.665333 0.185000 0.158667 0.121111
15 0.832000 0.175556 0.156000 0.135556
15 0.828667 0.327222 0.156000 0.130000
15 0.660000 0.342222 0.157333 0.124444
15 0.490000 0.352222 0.162667 0.131111
15 0.322000 0.356667 0.160000 0.133333
15 0.152333 0.360556 0.152667 0.132222
15 0.150667 0.511111 0.156000 0.131111
15 0.318667 0.506667 0.160000 0.135556
15 0.488667 0.503333 0.158667 0.128889
15 0.657000 0.496111 0.160667 0.130000
15 0.824333 0.481667 0.155333 0.127778
15 0.820000 0.626667 0.157333 0.106667
15 0.651667 0.642222 0.155333 0.117778
15 0.485000 0.650556 0.158000 0.125556
15 0.317333 0.656667 0.158667 0.131111
15 0.148667 0.658333 0.161333 0.127778
15 0.153000 0.807222 0.160667 0.130000
15 0.319333 0.804444 0.150667 0.126667
15 0.484000 0.802222 0.157333 0.131111
15 0.652000 0.796111 0.161333 0.112222
15 0.815667 0.780556 0.152667 0.121111
