0 0.154779 0.178289 0.153676 0.151316
0 0.321324 0.172368 0.163235 0.152632
0 0.496324 0.169737 0.170588 0.160526
0 0.673897 0.171711 0.171324 0.156579
0 0.843382 0.180921 0.151471 0.146053
0 0.848897 0.348026 0.152206 0.151316
0 0.680882 0.346711 0.173529 0.169737
0 0.500735 0.345395 0.173529 0.159211
0 0.325368 0.344737 0.166912 0.155263
0 0.158456 0.349342 0.150735 0.148684
0 0.166544 0.511184 0.153676 0.146053
0 0.332721 0.517105 0.165441 0.163158
0 0.505882 0.521711 0.170588 0.156579
0 0.682721 0.520395 0.166912 0.156579
0 0.850735 0.517763 0.160294 0.140789
0 0.855882 0.680921 0.155882 0.140789
0 0.687868 0.692105 0.165441 0.147368
0 0.513603 0.692763 0.169853 0.151316
0 0.337868 0.685526 0.163971 0.155263
0 0.174632 0.677632 0.153676 0.157895
0 0.185294 0.838158 0.150000 0.150000
0 0.351471 0.854605 0.161765 0.156579
0 0.518382 0.855263 0.163235 0.136842
0 0.688235 0.851316 0.161765 0.147368
0 0.852206 0.839474 0.155882 0.136842
