0 0.151667 0.198889 0.163333 0.137778
0 0.322667 0.194444 0.170667 0.128889
0 0.490667 0.193333 0.168000 0.140000
0 0.663333 0.181667 0.168000 0.134444
0 0.833667 0.173333 0.163333 0.135556
0 0.148333 0.353889 0.162000 0.136667
0 0.320333 0.353889 0.166000 0.138889
0 0.486333 0.345000 0.170000 0.130000
0 0.659000 0.338889 0.164667 0.135556
0 0.828333 0.327222 0.163333 0.138889
0 0.147667 0.510556 0.168667 0.145556
0 0.315667 0.507778 0.163333 0.140000
0 0.484333 0.500000 0.168667 0.135556
0 0.654667 0.493889 0.169333 0.136667
0 0.826667 0.481667 0.165333 0.136667
0 0.145667 0.658889 0.164667 0.148889
0 0.312667 0.658333 0.168000 0.138889
0 0.481333 0.653333 0.170667 0.135556
0 0.652000 0.643889 0.166667 0.127778
0 0.818667 0.631667 0.164000 0.136667
0 0.149667 0.810556 0.159333 0.125556
0 0.314000 0.806111 0.168000 0.132222
0 0.482000 0.799444 0.165333 0.138889
0 0.647000 0.791111 0.166000 0.128889
0 0.814667 0.783889 0.162667 0.125556