0 0.143750 0.184211 0.158088 0.144737
0 0.318750 0.182895 0.166912 0.157895
0 0.496691 0.183553 0.171324 0.151316
0 0.678676 0.179605 0.167647 0.151316
0 0.845588 0.190132 0.151471 0.143421
0 0.850000 0.353947 0.154412 0.136842
0 0.679412 0.357237 0.166176 0.156579
0 0.501471 0.359868 0.164706 0.146053
0 0.325735 0.356579 0.161765 0.147368
0 0.156985 0.357895 0.158088 0.142105
0 0.163603 0.521711 0.150735 0.143421
0 0.335294 0.528947 0.158824 0.144737
0 0.507353 0.535526 0.155882 0.142105
0 0.688603 0.527632 0.158088 0.147368
0 0.855515 0.519079 0.155147 0.138158
0 0.858824 0.686184 0.157353 0.138158
0 0.690441 0.696053 0.154412 0.134211
0 0.520588 0.701316 0.166176 0.147368
0 0.345221 0.695395 0.159559 0.140789
0 0.177206 0.684211 0.151471 0.155263
0 0.187132 0.844079 0.150735 0.130263
0 0.354044 0.857895 0.159559 0.139474
0 0.520956 0.862500 0.159559 0.138158
0 0.692279 0.853947 0.153676 0.134211
0 0.855515 0.844079 0.155147 0.122368