15 0.151838 0.175658 0.158088 0.127632
15 0.318750 0.169079 0.168382 0.156579
15 0.496691 0.169737 0.171324 0.155263
15 0.676838 0.175000 0.178676 0.163158
15 0.845221 0.179605 0.156618 0.156579
15 0.161397 0.347368 0.156618 0.139474
15 0.325735 0.343421 0.166176 0.160526
15 0.501103 0.345395 0.180147 0.172368
15 0.679044 0.344079 0.172794 0.164474
15 0.850735 0.346053 0.158824 0.152632
15 0.168750 0.510526 0.158088 0.147368
15 0.333824 0.515132 0.170588 0.161842
15 0.510662 0.523026 0.172794 0.159211
15 0.684926 0.519079 0.171324 0.164474
15 0.856618 0.515132 0.160294 0.148684
15 0.173529 0.677632 0.152941 0.150000
15 0.340074 0.690789 0.165441 0.163158
15 0.517279 0.694079 0.171324 0.159211
15 0.686765 0.690789 0.166176 0.152632
15 0.858088 0.681579 0.161765 0.150000
15 0.186765 0.842763 0.158824 0.153947
15 0.349632 0.851316 0.166912 0.152632
15 0.518015 0.851974 0.168382 0.148684
15 0.691176 0.850658 0.169118 0.146053
15 0.856985 0.842105 0.158088 0.142105
