15 0.151471 0.174342 0.151471 0.146053
15 0.317647 0.165789 0.161765 0.155263
15 0.499632 0.167763 0.166912 0.156579
15 0.678309 0.163816 0.168382 0.156579
15 0.850368 0.178289 0.152206 0.151316
15 0.852941 0.341447 0.158824 0.143421
15 0.680882 0.342105 0.163235 0.157895
15 0.502941 0.344737 0.167647 0.160526
15 0.327206 0.342763 0.161765 0.159211
15 0.157353 0.344737 0.148529 0.144737
15 0.164338 0.513816 0.147794 0.146053
15 0.332353 0.521053 0.161765 0.152632
15 0.508088 0.526316 0.161765 0.157895
15 0.683824 0.516447 0.167647 0.153947
15 0.856618 0.513158 0.154412 0.147368
15 0.862500 0.684211 0.151471 0.142105
15 0.694118 0.692763 0.157353 0.146053
15 0.518015 0.696711 0.165441 0.153947
15 0.342647 0.692105 0.164706 0.152632
15 0.173529 0.681579 0.155882 0.150000
15 0.186765 0.846053 0.154412 0.147368
15 0.350368 0.859211 0.156618 0.150000
15 0.522426 0.861184 0.161029 0.143421
15 0.692647 0.854605 0.158824 0.140789
15 0.858456 0.844737 0.153676 0.136842
