0 0.148000 0.205556 0.170667 0.153333
0 0.321333 0.201111 0.169333 0.146667
0 0.490667 0.193889 0.172000 0.145556
0 0.663333 0.187778 0.173333 0.151111
0 0.835333 0.173333 0.172000 0.148889
0 0.143333 0.361667 0.170667 0.152222
0 0.314333 0.351111 0.175333 0.155556
0 0.488000 0.352222 0.173333 0.157778
0 0.660333 0.342778 0.174000 0.158889
0 0.830000 0.331111 0.173333 0.151111
0 0.139667 0.515000 0.174000 0.156667
0 0.311667 0.512222 0.172667 0.155556
0 0.484667 0.506111 0.174667 0.154444
0 0.657667 0.497222 0.172667 0.156667
0 0.827333 0.487778 0.172000 0.155556
0 0.141000 0.667222 0.170000 0.145556
0 0.309333 0.666111 0.173333 0.152222
0 0.481000 0.658889 0.172667 0.146667
0 0.650667 0.653889 0.173333 0.145556
0 0.821667 0.638889 0.171333 0.146667
0 0.817667 0.792778 0.168667 0.145556
0 0.648333 0.805000 0.168667 0.147778
0 0.479000 0.809444 0.168667 0.150000
0 0.313333 0.813889 0.169333 0.145556
0 0.143667 0.822222 0.171333 0.151111
