0 0.154667 0.226667 0.166667 0.140000
0 0.325333 0.228889 0.169333 0.142222
0 0.497667 0.217778 0.167333 0.135556
0 0.671000 0.212778 0.167333 0.150000
0 0.843667 0.197778 0.164667 0.146667
0 0.841000 0.355000 0.166000 0.138889
0 0.667667 0.368889 0.168667 0.146667
0 0.495333 0.376111 0.169333 0.141111
0 0.322333 0.383889 0.167333 0.147778
0 0.147667 0.385000 0.166000 0.147778
0 0.146333 0.540000 0.167333 0.146667
0 0.318000 0.536111 0.168000 0.147778
0 0.491000 0.531111 0.171333 0.151111
0 0.663333 0.525000 0.166667 0.143333
0 0.838333 0.508333 0.164667 0.138889
0 0.834333 0.663889 0.168667 0.138889
0 0.657667 0.678333 0.170000 0.141111
0 0.486667 0.688889 0.169333 0.140000
0 0.318667 0.693889 0.169333 0.147778
0 0.146000 0.690000 0.170667 0.153333
0 0.154333 0.840000 0.163333 0.144444
0 0.321333 0.839444 0.166667 0.145556
0 0.492000 0.836667 0.168000 0.137778
0 0.662333 0.829444 0.164667 0.141111
0 0.830000 0.812222 0.161333 0.148889
