0 0.153309 0.182895 0.158088 0.152632
0 0.316912 0.176316 0.166176 0.165789
0 0.497059 0.182895 0.173529 0.157895
0 0.676838 0.175000 0.171324 0.171053
0 0.845588 0.184868 0.160294 0.164474
0 0.849265 0.355263 0.160294 0.157895
0 0.677941 0.356579 0.177941 0.168421
0 0.499265 0.355921 0.179412 0.167105
0 0.324265 0.356579 0.166176 0.165789
0 0.159191 0.353289 0.158088 0.156579
0 0.163235 0.518421 0.157353 0.160526
0 0.329412 0.523026 0.170588 0.177632
0 0.506618 0.525658 0.173529 0.161842
0 0.682353 0.526974 0.167647 0.159211
0 0.854044 0.519737 0.161029 0.150000
0 0.852206 0.684211 0.158824 0.142105
0 0.686765 0.691447 0.173529 0.156579
0 0.512132 0.694737 0.171324 0.152632
0 0.339338 0.690789 0.171324 0.168421
0 0.171691 0.682895 0.153676 0.157895
0 0.180147 0.844737 0.167647 0.160526
0 0.346691 0.851316 0.166912 0.163158
0 0.515441 0.856579 0.169118 0.155263
0 0.684559 0.850000 0.166176 0.150000
0 0.852574 0.845395 0.159559 0.143421
