0 0.156985 0.187500 0.156618 0.143421
0 0.323162 0.181579 0.166912 0.160526
0 0.497426 0.182895 0.169853 0.157895
0 0.677574 0.182237 0.172794 0.156579
0 0.848897 0.188158 0.149265 0.147368
0 0.846324 0.352632 0.158824 0.147368
0 0.677206 0.357895 0.167647 0.152632
0 0.502206 0.356579 0.173529 0.160526
0 0.327941 0.355263 0.164706 0.165789
0 0.161397 0.353289 0.156618 0.151316
0 0.166912 0.519079 0.154412 0.146053
0 0.333824 0.523684 0.164706 0.160526
0 0.509559 0.530263 0.167647 0.155263
0 0.682721 0.528289 0.165441 0.153947
0 0.853309 0.519079 0.158088 0.146053
0 0.853676 0.684868 0.157353 0.143421
0 0.688235 0.691447 0.163235 0.146053
0 0.515441 0.696711 0.167647 0.153947
0 0.343015 0.691447 0.165441 0.156579
0 0.175735 0.682237 0.161765 0.153947
0 0.186397 0.838158 0.152206 0.144737
0 0.349265 0.853947 0.163235 0.150000
0 0.518750 0.856579 0.161029 0.139474
0 0.687500 0.851974 0.160294 0.138158
0 0.853676 0.844079 0.157353 0.140789