0 0.142279 0.178947 0.159559 0.139474
0 0.320221 0.178947 0.166912 0.155263
0 0.497426 0.181579 0.174265 0.160526
0 0.679412 0.173684 0.173529 0.163158
0 0.850368 0.184868 0.159559 0.151316
0 0.153309 0.351974 0.159559 0.151316
0 0.324632 0.359211 0.172794 0.165789
0 0.504412 0.358553 0.175000 0.164474
0 0.683088 0.355921 0.170588 0.159211
0 0.854044 0.348026 0.165441 0.148684
0 0.162868 0.517763 0.159559 0.156579
0 0.331985 0.530263 0.169853 0.160526
0 0.510294 0.532895 0.179412 0.160526
0 0.686397 0.527632 0.168382 0.155263
0 0.855882 0.516447 0.164706 0.148684
0 0.171691 0.682895 0.158088 0.147368
0 0.340441 0.698684 0.169118 0.155263
0 0.518382 0.705263 0.172059 0.152632
0 0.690809 0.699342 0.171324 0.146053
0 0.861397 0.684868 0.162500 0.146053
0 0.182721 0.847368 0.158088 0.155263
0 0.347426 0.859211 0.171324 0.152632
0 0.520956 0.862500 0.168382 0.146053
0 0.700735 0.856579 0.150000 0.144737
0 0.860662 0.844079 0.163971 0.140789