0 0.151333 0.203889 0.156000 0.125556
0 0.320000 0.201111 0.161333 0.128889
0 0.492667 0.196667 0.158667 0.126667
0 0.663667 0.188333 0.163333 0.127778
0 0.833333 0.179444 0.156000 0.130000
0 0.830333 0.331111 0.156667 0.133333
0 0.660333 0.338889 0.159333 0.120000
0 0.486000 0.351111 0.158667 0.131111
0 0.317667 0.358889 0.159333 0.128889
0 0.146667 0.358889 0.160000 0.133333
0 0.144667 0.513889 0.158667 0.130000
0 0.315000 0.511667 0.156667 0.130000
0 0.484333 0.501667 0.158000 0.132222
0 0.652667 0.495000 0.154667 0.123333
0 0.822333 0.483333 0.158000 0.124444
0 0.818667 0.633889 0.154667 0.114444
0 0.650000 0.647778 0.158667 0.122222
0 0.478667 0.656667 0.156000 0.122222
0 0.311333 0.661667 0.160000 0.121111
0 0.144000 0.661667 0.158667 0.136667
0 0.148333 0.811111 0.156667 0.133333
0 0.316000 0.810000 0.158667 0.124444
0 0.480667 0.805556 0.158667 0.124444
0 0.648000 0.797778 0.160000 0.115556
0 0.813333 0.785000 0.153333 0.130000