0 0.150735 0.187500 0.157353 0.143421
0 0.319485 0.180921 0.162500 0.148684
0 0.498162 0.180921 0.175735 0.153947
0 0.675735 0.183553 0.169118 0.156579
0 0.843750 0.183553 0.150735 0.153947
0 0.848162 0.351316 0.155147 0.144737
0 0.679779 0.359211 0.168382 0.155263
0 0.500000 0.357895 0.167647 0.157895
0 0.327941 0.354605 0.166176 0.156579
0 0.158088 0.352632 0.154412 0.147368
0 0.167279 0.519737 0.152206 0.152632
0 0.332721 0.528947 0.163971 0.152632
0 0.506985 0.530921 0.168382 0.156579
0 0.683824 0.526316 0.166176 0.155263
0 0.852941 0.518421 0.157353 0.152632
0 0.854779 0.682237 0.155147 0.138158
0 0.688603 0.689474 0.163971 0.139474
0 0.514338 0.696711 0.168382 0.146053
0 0.340441 0.689474 0.161765 0.147368
0 0.175000 0.682237 0.154412 0.151316
0 0.183456 0.838158 0.158088 0.142105
0 0.350368 0.855263 0.159559 0.147368
0 0.518015 0.859211 0.162500 0.142105
0 0.687500 0.855263 0.157353 0.134211
0 0.855882 0.839474 0.154412 0.126316
