0 0.143750 0.176316 0.166912 0.155263
0 0.315441 0.175000 0.166176 0.152632
0 0.492647 0.178289 0.172059 0.161842
0 0.674265 0.178289 0.173529 0.159211
0 0.844853 0.185526 0.150000 0.147368
0 0.846324 0.353947 0.158824 0.150000
0 0.677206 0.353289 0.172059 0.159211
0 0.497426 0.355921 0.171324 0.159211
0 0.321324 0.350000 0.164706 0.155263
0 0.155882 0.349342 0.150000 0.146053
0 0.162132 0.514474 0.155147 0.152632
0 0.329779 0.521053 0.165441 0.155263
0 0.505882 0.526974 0.173529 0.159211
0 0.680882 0.525000 0.170588 0.155263
0 0.850368 0.519079 0.156618 0.148684
0 0.853309 0.685526 0.158088 0.147368
0 0.686397 0.692105 0.168382 0.150000
0 0.512132 0.696053 0.166912 0.152632
0 0.340074 0.692105 0.163971 0.157895
0 0.172426 0.678947 0.158088 0.152632
0 0.184926 0.835526 0.155147 0.155263
0 0.348162 0.853289 0.163971 0.148684
0 0.517279 0.858553 0.163971 0.151316
0 0.688603 0.854605 0.162500 0.135526
0 0.854412 0.843421 0.157353 0.139474
