15 0.141544 0.180921 0.155147 0.153947
15 0.316176 0.177632 0.167647 0.160526
15 0.496324 0.178289 0.172059 0.159211
15 0.679779 0.176316 0.172794 0.157895
15 0.851838 0.179605 0.153676 0.148684
15 0.855515 0.347368 0.158088 0.150000
15 0.680882 0.355263 0.169118 0.150000
15 0.500000 0.361842 0.172059 0.157895
15 0.323162 0.359211 0.166912 0.157895
15 0.151471 0.351974 0.154412 0.151316
15 0.157721 0.519737 0.149265 0.150000
15 0.329412 0.530921 0.166176 0.161842
15 0.505515 0.534211 0.169853 0.152632
15 0.687132 0.528289 0.162500 0.164474
15 0.862500 0.520395 0.158824 0.148684
15 0.863603 0.684211 0.156618 0.139474
15 0.696691 0.695395 0.163971 0.146053
15 0.518750 0.702632 0.165441 0.150000
15 0.341912 0.701316 0.169118 0.147368
15 0.169485 0.688158 0.156618 0.152632
15 0.181618 0.849342 0.155882 0.151316
15 0.349265 0.865132 0.163235 0.143421
15 0.521324 0.868421 0.167647 0.142105
15 0.695588 0.858553 0.160294 0.132895
15 0.865074 0.844737 0.158088 0.139474
