0 0.153309 0.187500 0.158088 0.167105
0 0.319485 0.180263 0.172794 0.171053
0 0.496324 0.182895 0.177941 0.178947
0 0.673897 0.180921 0.177206 0.177632
0 0.844853 0.182895 0.161765 0.160526
0 0.851471 0.351974 0.170588 0.164474
0 0.679779 0.353289 0.175735 0.169737
0 0.501103 0.355263 0.181618 0.171053
0 0.324632 0.353947 0.171324 0.171053
0 0.157721 0.353947 0.162500 0.168421
0 0.164338 0.515789 0.162500 0.165789
0 0.330515 0.521711 0.172794 0.167105
0 0.508088 0.530921 0.176471 0.169737
0 0.684191 0.528289 0.171324 0.175000
0 0.855515 0.517763 0.169853 0.164474
0 0.854779 0.684211 0.162500 0.163158
0 0.687868 0.694737 0.172794 0.163158
0 0.513971 0.697368 0.175000 0.168421
0 0.339338 0.694079 0.177206 0.169737
0 0.172426 0.683553 0.162500 0.169737
0 0.183456 0.846711 0.163971 0.172368
0 0.351103 0.855921 0.166912 0.164474
0 0.519118 0.856579 0.175000 0.163158
0 0.688235 0.853947 0.173529 0.157895
0 0.858088 0.843421 0.161765 0.144737
