0 0.151667 0.209444 0.171333 0.150000
0 0.322667 0.205556 0.173333 0.155556
0 0.493333 0.200556 0.174667 0.150000
0 0.663667 0.192222 0.172667 0.144444
0 0.835333 0.184444 0.169333 0.153333
0 0.148000 0.363333 0.168000 0.148889
0 0.317333 0.360000 0.170667 0.151111
0 0.489333 0.354444 0.174667 0.151111
0 0.661000 0.352222 0.172667 0.153333
0 0.833333 0.341111 0.172000 0.157778
0 0.146000 0.518333 0.168000 0.150000
0 0.315667 0.513889 0.172667 0.152222
0 0.487333 0.510000 0.173333 0.148889
0 0.658333 0.505000 0.172667 0.147778
0 0.826667 0.496111 0.168000 0.152222
0 0.144667 0.668889 0.170667 0.155556
0 0.314000 0.668889 0.170667 0.151111
0 0.482333 0.661667 0.170000 0.150000
0 0.653000 0.659444 0.171333 0.150000
0 0.823000 0.647778 0.171333 0.151111
0 0.146667 0.819444 0.169333 0.152222
0 0.314333 0.816111 0.168667 0.147778
0 0.480667 0.810000 0.169333 0.142222
0 0.649333 0.810000 0.169333 0.148889
0 0.819667 0.800556 0.174000 0.147778