0 0.148897 0.182237 0.165441 0.153947
0 0.317647 0.168421 0.175000 0.171053
0 0.494485 0.175000 0.178676 0.176316
0 0.675000 0.172368 0.182353 0.173684
0 0.848529 0.180921 0.160294 0.161842
0 0.850000 0.350000 0.169118 0.165789
0 0.677574 0.350000 0.180147 0.173684
0 0.498529 0.351974 0.182353 0.164474
0 0.321691 0.348684 0.172794 0.176316
0 0.155882 0.360526 0.160294 0.163158
0 0.161029 0.515789 0.169118 0.168421
0 0.328309 0.526316 0.174265 0.178947
0 0.505147 0.526316 0.177941 0.168421
0 0.681250 0.525658 0.180147 0.175000
0 0.854779 0.518421 0.168382 0.160526
0 0.858088 0.688816 0.167647 0.159211
0 0.687132 0.693421 0.175735 0.163158
0 0.511765 0.696053 0.179412 0.165789
0 0.337500 0.692763 0.176471 0.180263
0 0.167647 0.679605 0.166176 0.167105
0 0.178309 0.846053 0.165441 0.165789
0 0.344853 0.854605 0.166176 0.161842
0 0.515074 0.863158 0.171324 0.171053
0 0.686765 0.856579 0.172059 0.155263
0 0.856985 0.846711 0.168382 0.153947
