0 0.150735 0.173684 0.157353 0.147368
0 0.314706 0.163158 0.166176 0.152632
0 0.495956 0.162500 0.172794 0.153947
0 0.677206 0.163816 0.170588 0.159211
0 0.849265 0.173026 0.154412 0.153947
0 0.851103 0.344737 0.161029 0.150000
0 0.679779 0.342105 0.174265 0.160526
0 0.499632 0.342763 0.172794 0.161842
0 0.322794 0.344737 0.166176 0.157895
0 0.156618 0.342105 0.157353 0.147368
0 0.162868 0.514474 0.158088 0.150000
0 0.327574 0.519079 0.166912 0.159211
0 0.505147 0.521711 0.170588 0.156579
0 0.683088 0.521053 0.167647 0.155263
0 0.853676 0.515789 0.158824 0.144737
0 0.170588 0.677632 0.155882 0.155263
0 0.336397 0.689474 0.163971 0.152632
0 0.514338 0.696053 0.165441 0.155263
0 0.689338 0.690132 0.163971 0.153947
0 0.858088 0.682237 0.157353 0.148684
0 0.854779 0.847368 0.159559 0.134211
0 0.686397 0.854605 0.165441 0.143421
0 0.513971 0.860526 0.164706 0.144737
0 0.345588 0.854605 0.163235 0.151316
0 0.180882 0.840789 0.155882 0.150000