15 0.154412 0.182895 0.150000 0.134211
15 0.318382 0.175658 0.160294 0.146053
15 0.497794 0.178289 0.167647 0.156579
15 0.674265 0.175000 0.166176 0.152632
15 0.844485 0.186842 0.146324 0.152632
15 0.848897 0.350658 0.152206 0.146053
15 0.677206 0.353289 0.166176 0.151316
15 0.500735 0.357237 0.167647 0.143421
15 0.326838 0.345395 0.158088 0.146053
15 0.156985 0.350000 0.146324 0.139474
15 0.168382 0.515132 0.151471 0.143421
15 0.330515 0.521711 0.159559 0.153947
15 0.508824 0.529605 0.166176 0.148684
15 0.684191 0.525658 0.162500 0.156579
15 0.851103 0.518421 0.150735 0.131579
15 0.854779 0.682895 0.152206 0.142105
15 0.686397 0.692105 0.165441 0.134211
15 0.513971 0.696053 0.164706 0.150000
15 0.341912 0.690789 0.160294 0.152632
15 0.173897 0.675658 0.149265 0.148684
15 0.184191 0.833553 0.150735 0.146053
15 0.349632 0.854605 0.158088 0.140789
15 0.517647 0.857895 0.158824 0.139474
15 0.686397 0.854605 0.158088 0.138158
15 0.853309 0.841447 0.152206 0.135526
