0 0.155000 0.226111 0.170000 0.150000
0 0.325333 0.224444 0.170667 0.146667
0 0.497000 0.219444 0.171333 0.145556
0 0.670333 0.211111 0.167333 0.146667
0 0.842667 0.199444 0.166667 0.141111
0 0.840333 0.357778 0.166000 0.148889
0 0.666000 0.370000 0.178667 0.146667
0 0.494667 0.377222 0.168000 0.145556
0 0.323000 0.383889 0.174000 0.145556
0 0.151000 0.383333 0.170000 0.151111
0 0.150000 0.540556 0.166667 0.150000
0 0.321667 0.537778 0.167333 0.148889
0 0.488000 0.530556 0.170667 0.147778
0 0.663333 0.522222 0.169333 0.142222
0 0.838333 0.508889 0.167333 0.144444
0 0.832667 0.662222 0.164000 0.137778
0 0.660667 0.677222 0.173333 0.134444
0 0.490333 0.680556 0.167333 0.147778
0 0.321000 0.690556 0.167333 0.138889
0 0.150000 0.691111 0.168000 0.144444
0 0.152667 0.843333 0.165333 0.148889
0 0.321000 0.840556 0.164667 0.141111
0 0.490000 0.835000 0.168000 0.136667
0 0.661000 0.831667 0.167333 0.138889
0 0.830333 0.817222 0.164667 0.138889
