0 0.158000 0.228333 0.153333 0.134444
0 0.333667 0.227222 0.162000 0.130000
0 0.505667 0.221111 0.164667 0.140000
0 0.687333 0.213333 0.192000 0.135556
0 0.664333 0.367778 0.160667 0.128889
0 0.837333 0.360556 0.164000 0.138889
0 0.492667 0.375556 0.169333 0.140000
0 0.322333 0.381111 0.163333 0.137778
0 0.151667 0.386667 0.163333 0.144444
0 0.150667 0.539444 0.158667 0.141111
0 0.319333 0.537222 0.164000 0.138889
0 0.491000 0.529444 0.164667 0.132222
0 0.661333 0.526111 0.164000 0.127778
0 0.832333 0.513889 0.160667 0.130000
0 0.826333 0.664444 0.160667 0.133333
0 0.658333 0.678333 0.167333 0.136667
0 0.488333 0.683333 0.162000 0.133333
0 0.317667 0.686111 0.156667 0.134444
0 0.149667 0.688889 0.155333 0.140000
0 0.152333 0.841667 0.159333 0.134444
0 0.319000 0.838333 0.158000 0.138889
0 0.488000 0.835000 0.160000 0.141111
0 0.656333 0.828889 0.162000 0.128889
0 0.824667 0.818333 0.158667 0.132222
0 0.858000 0.205556 0.132000 0.126667
