0 0.155515 0.182237 0.156618 0.146053
0 0.321324 0.178947 0.164706 0.155263
0 0.495956 0.182895 0.169853 0.157895
0 0.673529 0.176974 0.164706 0.159211
0 0.843382 0.188158 0.152941 0.155263
0 0.163971 0.351974 0.155882 0.140789
0 0.330147 0.357237 0.164706 0.159211
0 0.503309 0.353289 0.175735 0.167105
0 0.679412 0.351316 0.169118 0.152632
0 0.845221 0.348684 0.161029 0.147368
0 0.170588 0.515132 0.155882 0.146053
0 0.336397 0.526974 0.169853 0.156579
0 0.509559 0.526974 0.172059 0.156579
0 0.685294 0.523684 0.169118 0.152632
0 0.854044 0.517105 0.161029 0.144737
0 0.178309 0.680921 0.150735 0.151316
0 0.342279 0.689474 0.169853 0.157895
0 0.516912 0.694737 0.170588 0.150000
0 0.690809 0.689474 0.168382 0.147368
0 0.855882 0.678289 0.158824 0.140789
0 0.189338 0.840132 0.156618 0.148684
0 0.352941 0.848684 0.166176 0.147368
0 0.525000 0.851316 0.164706 0.142105
0 0.691176 0.847368 0.160294 0.142105
0 0.858456 0.840132 0.161029 0.135526