0 0.139706 0.173684 0.172059 0.152632
0 0.313971 0.171711 0.173529 0.169737
0 0.494853 0.175658 0.175000 0.175000
0 0.676471 0.175658 0.182353 0.164474
0 0.845221 0.182237 0.155147 0.161842
0 0.851471 0.354605 0.166176 0.164474
0 0.678676 0.349342 0.179412 0.167105
0 0.498897 0.353289 0.178676 0.167105
0 0.320221 0.349342 0.169853 0.169737
0 0.152206 0.351316 0.157353 0.168421
0 0.158456 0.515789 0.159559 0.171053
0 0.327574 0.521711 0.169853 0.169737
0 0.504779 0.525000 0.178676 0.171053
0 0.683824 0.525000 0.173529 0.168421
0 0.855882 0.517105 0.167647 0.160526
0 0.858824 0.684211 0.161765 0.152632
0 0.687500 0.693421 0.175000 0.157895
0 0.513971 0.693421 0.176471 0.165789
0 0.338971 0.693421 0.172059 0.165789
0 0.170956 0.681579 0.162500 0.160526
0 0.177941 0.841447 0.160294 0.159211
0 0.345588 0.851974 0.166176 0.167105
0 0.516912 0.858553 0.173529 0.143421
0 0.689338 0.860526 0.168382 0.150000
0 0.858088 0.849342 0.167647 0.140789
