0 0.154044 0.190132 0.150735 0.148684
0 0.319118 0.183553 0.164706 0.151316
0 0.494853 0.188158 0.167647 0.157895
0 0.674632 0.182237 0.166912 0.159211
0 0.842279 0.187500 0.150735 0.143421
0 0.847794 0.353289 0.154412 0.146053
0 0.677206 0.357237 0.169118 0.156579
0 0.500735 0.359211 0.170588 0.155263
0 0.325368 0.358553 0.168382 0.156579
0 0.161765 0.355921 0.155882 0.148684
0 0.165441 0.519079 0.150000 0.153947
0 0.332353 0.532237 0.169118 0.161842
0 0.506250 0.530263 0.171324 0.155263
0 0.683088 0.528289 0.164706 0.153947
0 0.850368 0.521711 0.158088 0.148684
0 0.852574 0.683553 0.159559 0.146053
0 0.686397 0.687500 0.168382 0.143421
0 0.512500 0.697368 0.167647 0.152632
0 0.342279 0.689474 0.162500 0.160526
0 0.176103 0.682237 0.158088 0.153947
0 0.184926 0.838816 0.158088 0.151316
0 0.349265 0.850658 0.163235 0.153947
0 0.517279 0.856579 0.163971 0.144737
0 0.685662 0.848026 0.162500 0.138158
0 0.851471 0.842105 0.155882 0.136842
