0 0.155333 0.224444 0.166667 0.142222
0 0.324333 0.218333 0.170000 0.143333
0 0.496667 0.212778 0.176000 0.145556
0 0.670000 0.204444 0.172000 0.140000
0 0.840333 0.194444 0.163333 0.142222
0 0.837000 0.349444 0.167333 0.141111
0 0.667000 0.362778 0.168667 0.138889
0 0.494333 0.367778 0.176667 0.148889
0 0.322667 0.377778 0.168000 0.146667
0 0.153000 0.383889 0.168667 0.145556
0 0.151000 0.539444 0.167333 0.145556
0 0.321000 0.532778 0.168667 0.141111
0 0.491667 0.526667 0.170000 0.146667
0 0.665667 0.517222 0.168667 0.141111
0 0.833667 0.506111 0.167333 0.136667
0 0.827667 0.658333 0.166000 0.132222
0 0.660000 0.672222 0.166667 0.135556
0 0.489000 0.677222 0.167333 0.145556
0 0.320000 0.688333 0.169333 0.145556
0 0.149000 0.688889 0.164667 0.144444
0 0.153000 0.840000 0.164667 0.144444
0 0.322000 0.836667 0.165333 0.140000
0 0.487333 0.827222 0.165333 0.134444
0 0.656667 0.825000 0.165333 0.134444
0 0.822333 0.810556 0.164667 0.134444
