0 0.150368 0.182237 0.152206 0.132895
0 0.317647 0.174342 0.154412 0.146053
0 0.498529 0.183553 0.167647 0.156579
0 0.677574 0.175658 0.161029 0.143421
0 0.850735 0.181579 0.150000 0.144737
0 0.853309 0.346053 0.155147 0.142105
0 0.680882 0.355263 0.166176 0.155263
0 0.500735 0.359211 0.170588 0.147368
0 0.326103 0.357237 0.156618 0.148684
0 0.160294 0.351316 0.152941 0.142105
0 0.163971 0.524342 0.152941 0.148684
0 0.331985 0.526974 0.161029 0.156579
0 0.510662 0.534211 0.165441 0.152632
0 0.687500 0.527632 0.160294 0.147368
0 0.860662 0.521711 0.152206 0.130263
0 0.862132 0.680263 0.150735 0.136842
0 0.691544 0.698026 0.162500 0.140789
0 0.516176 0.700000 0.166176 0.150000
0 0.342279 0.695395 0.161029 0.148684
0 0.173529 0.685526 0.152941 0.142105
0 0.188971 0.847368 0.157353 0.152632
0 0.350368 0.860526 0.158088 0.150000
0 0.521691 0.859868 0.161029 0.143421
0 0.692279 0.854605 0.159559 0.143421
0 0.859926 0.842105 0.155147 0.139474