0 0.158000 0.227222 0.169333 0.147778
0 0.328333 0.224444 0.168667 0.144444
0 0.500667 0.219444 0.170667 0.147778
0 0.667000 0.207222 0.168667 0.138889
0 0.841000 0.196111 0.167333 0.154444
0 0.838000 0.352222 0.168000 0.144444
0 0.667333 0.361667 0.170667 0.141111
0 0.494000 0.371111 0.170667 0.144444
0 0.323333 0.377222 0.168000 0.145556
0 0.153667 0.381667 0.168667 0.154444
0 0.148667 0.536667 0.172000 0.142222
0 0.321000 0.535000 0.170000 0.145556
0 0.493000 0.527778 0.170000 0.148889
0 0.664333 0.521111 0.172667 0.137778
0 0.836333 0.507778 0.164667 0.137778
0 0.829000 0.660556 0.171333 0.132222
0 0.656333 0.670000 0.170000 0.142222
0 0.488000 0.677222 0.168000 0.143333
0 0.318000 0.685556 0.169333 0.142222
0 0.148333 0.689444 0.167333 0.138889
0 0.153333 0.838889 0.166667 0.142222
0 0.320333 0.835556 0.160667 0.140000
0 0.488333 0.830000 0.167333 0.144444
0 0.657333 0.827222 0.164000 0.136667
0 0.826667 0.810556 0.166667 0.147778
