0 0.149632 0.188158 0.146324 0.139474
0 0.318382 0.177632 0.161765 0.147368
0 0.496691 0.176316 0.171324 0.157895
0 0.678309 0.174342 0.171324 0.153947
0 0.851103 0.183553 0.147794 0.153947
0 0.851103 0.351974 0.156618 0.143421
0 0.683456 0.354605 0.162500 0.140789
0 0.505515 0.353289 0.171324 0.159211
0 0.326471 0.349342 0.155882 0.146053
0 0.159191 0.351316 0.144853 0.134211
0 0.167647 0.521711 0.155882 0.151316
0 0.333456 0.528289 0.161029 0.153947
0 0.509926 0.527632 0.168382 0.150000
0 0.686765 0.523684 0.166176 0.150000
0 0.858824 0.517763 0.151471 0.146053
0 0.859191 0.688158 0.152206 0.134211
0 0.690809 0.692105 0.158088 0.142105
0 0.517647 0.701316 0.164706 0.147368
0 0.342279 0.694079 0.163971 0.151316
0 0.173897 0.682895 0.155147 0.157895
0 0.184926 0.841447 0.152206 0.138158
0 0.352206 0.859868 0.164706 0.148684
0 0.521691 0.858553 0.159559 0.132895
0 0.690441 0.850658 0.163235 0.132895
0 0.859559 0.841447 0.152941 0.135526