15 0.152000 0.206111 0.166667 0.141111
15 0.321667 0.203889 0.167333 0.138889
15 0.492000 0.196111 0.168000 0.134444
15 0.659000 0.188333 0.167333 0.132222
15 0.832000 0.178889 0.162667 0.137778
15 0.147667 0.360000 0.166000 0.140000
15 0.317667 0.357778 0.168667 0.135556
15 0.487667 0.352222 0.167333 0.137778
15 0.658000 0.340556 0.168000 0.132222
15 0.825667 0.332778 0.163333 0.136667
15 0.145667 0.513333 0.164667 0.144444
15 0.313667 0.509444 0.167333 0.145556
15 0.483333 0.506667 0.173333 0.144444
15 0.653333 0.496111 0.172000 0.132222
15 0.825333 0.486111 0.164000 0.134444
15 0.146667 0.665556 0.168000 0.137778
15 0.313667 0.661111 0.163333 0.137778
15 0.484667 0.656667 0.164000 0.131111
15 0.648333 0.650556 0.166000 0.125556
15 0.820667 0.636667 0.166667 0.135556
15 0.148667 0.812778 0.164000 0.130000
15 0.313333 0.808333 0.164000 0.130000
15 0.477667 0.803889 0.166000 0.138889
15 0.647000 0.796111 0.167333 0.132222
15 0.816667 0.786667 0.158667 0.128889
