0 0.159191 0.187500 0.155147 0.151316
0 0.320221 0.182895 0.169853 0.163158
0 0.496691 0.184211 0.171324 0.165789
0 0.672794 0.179605 0.173529 0.156579
0 0.840074 0.184868 0.161029 0.138158
0 0.844853 0.351316 0.164706 0.150000
0 0.675735 0.353289 0.173529 0.159211
0 0.501471 0.356579 0.177941 0.165789
0 0.328676 0.351974 0.166176 0.167105
0 0.161765 0.356579 0.158824 0.155263
0 0.168750 0.514474 0.158088 0.152632
0 0.333824 0.523684 0.167647 0.163158
0 0.508088 0.528947 0.167647 0.160526
0 0.682721 0.523684 0.166912 0.163158
0 0.854044 0.514474 0.161029 0.157895
0 0.851103 0.681579 0.162500 0.144737
0 0.687868 0.687500 0.169853 0.151316
0 0.515809 0.694079 0.175735 0.159211
0 0.344118 0.693421 0.160294 0.157895
0 0.178309 0.674342 0.158088 0.161842
0 0.188971 0.837500 0.157353 0.159211
0 0.351838 0.848684 0.161029 0.163158
0 0.518750 0.852632 0.169853 0.147368
0 0.689338 0.849342 0.162500 0.148684
0 0.854044 0.837500 0.158088 0.146053
