0 0.151000 0.205000 0.160667 0.125556
0 0.323000 0.203889 0.160667 0.134444
0 0.491000 0.196111 0.159333 0.132222
0 0.660333 0.183889 0.163333 0.127778
0 0.829667 0.175000 0.160667 0.136667
0 0.828333 0.325000 0.156667 0.134444
0 0.658667 0.338889 0.161333 0.124444
0 0.486333 0.352778 0.163333 0.127778
0 0.315333 0.361667 0.160000 0.130000
0 0.143333 0.362778 0.156000 0.138889
0 0.143667 0.515556 0.159333 0.137778
0 0.313000 0.514444 0.163333 0.131111
0 0.483000 0.505000 0.163333 0.134444
0 0.653000 0.495000 0.163333 0.125556
0 0.824667 0.482222 0.161333 0.137778
0 0.816000 0.633333 0.157333 0.122222
0 0.648667 0.646111 0.162667 0.132222
0 0.477000 0.653889 0.159333 0.138889
0 0.305333 0.665000 0.153333 0.143333
0 0.139333 0.667222 0.158667 0.134444
0 0.144333 0.817222 0.156667 0.132222
0 0.313333 0.810000 0.160000 0.128889
0 0.477667 0.809444 0.159333 0.134444
0 0.647000 0.804444 0.156667 0.131111
0 0.811667 0.788333 0.155333 0.130000