0 0.151667 0.207778 0.174000 0.157778
0 0.322000 0.201667 0.172000 0.147778
0 0.494000 0.198333 0.174667 0.154444
0 0.664000 0.185556 0.168000 0.148889
0 0.834333 0.176667 0.166000 0.155556
0 0.832333 0.331111 0.175333 0.151111
0 0.659333 0.341667 0.173333 0.147778
0 0.488333 0.349444 0.172667 0.161111
0 0.317667 0.356111 0.176667 0.152222
0 0.149000 0.360556 0.170000 0.147778
0 0.144667 0.516667 0.170667 0.160000
0 0.316000 0.514444 0.172000 0.155556
0 0.487333 0.505000 0.173333 0.158889
0 0.659667 0.497778 0.171333 0.153333
0 0.827333 0.487222 0.170667 0.152222
0 0.822667 0.640000 0.176000 0.148889
0 0.651000 0.652778 0.175333 0.150000
0 0.482333 0.657778 0.175333 0.151111
0 0.312667 0.666667 0.173333 0.151111
0 0.144000 0.668889 0.169333 0.155556
0 0.148000 0.818889 0.170667 0.148889
0 0.312667 0.811667 0.170667 0.152222
0 0.479667 0.807778 0.170000 0.144444
0 0.649000 0.803889 0.170000 0.143333
0 0.819333 0.792222 0.170667 0.155556