0 0.153667 0.204444 0.166000 0.137778
0 0.322333 0.201667 0.167333 0.141111
0 0.491000 0.195000 0.166000 0.130000
0 0.660667 0.186111 0.165333 0.138889
0 0.831333 0.174444 0.162667 0.140000
0 0.147333 0.357778 0.168000 0.135556
0 0.317333 0.353889 0.168000 0.141111
0 0.487333 0.347778 0.164000 0.128889
0 0.657667 0.339444 0.168667 0.132222
0 0.827333 0.325556 0.164000 0.144444
0 0.146333 0.511667 0.163333 0.145556
0 0.315667 0.509444 0.163333 0.138889
0 0.486000 0.500556 0.172000 0.132222
0 0.653333 0.493333 0.162667 0.131111
0 0.823333 0.478889 0.165333 0.135556
0 0.145333 0.659444 0.158667 0.136667
0 0.310000 0.661111 0.166667 0.142222
0 0.482333 0.653333 0.163333 0.140000
0 0.649333 0.643333 0.160000 0.128889
0 0.817333 0.630000 0.161333 0.126667
0 0.148333 0.808333 0.158000 0.127778
0 0.313667 0.803333 0.164667 0.128889
0 0.480333 0.803889 0.160667 0.134444
0 0.645333 0.794444 0.164000 0.131111
0 0.811667 0.780000 0.167333 0.128889