0 0.143382 0.170395 0.157353 0.148684
0 0.316912 0.167105 0.167647 0.152632
0 0.497059 0.167763 0.175000 0.161842
0 0.675735 0.164474 0.173529 0.157895
0 0.848897 0.175000 0.158088 0.157895
0 0.148897 0.340132 0.156618 0.143421
0 0.321324 0.344079 0.166176 0.156579
0 0.502574 0.348684 0.175735 0.155263
0 0.682721 0.340789 0.175735 0.163158
0 0.855515 0.346053 0.161029 0.155263
0 0.159559 0.513816 0.158824 0.153947
0 0.326838 0.521053 0.174265 0.165789
0 0.507353 0.524342 0.180882 0.167105
0 0.687868 0.521053 0.175735 0.163158
0 0.861765 0.516447 0.166176 0.156579
0 0.170588 0.680921 0.161765 0.156579
0 0.336765 0.692763 0.175000 0.161842
0 0.516912 0.698026 0.177941 0.159211
0 0.693382 0.694737 0.175000 0.155263
0 0.866176 0.686842 0.169118 0.147368
0 0.182353 0.841447 0.163235 0.156579
0 0.348162 0.859211 0.172794 0.157895
0 0.520588 0.863158 0.170588 0.157895
0 0.693015 0.855263 0.166912 0.144737
0 0.863971 0.845395 0.161765 0.143421