15 0.156985 0.175000 0.152206 0.147368
15 0.320221 0.171053 0.161029 0.155263
15 0.496324 0.165132 0.169118 0.151316
15 0.676103 0.167105 0.169853 0.155263
15 0.845956 0.175000 0.150735 0.150000
15 0.161765 0.341447 0.152941 0.138158
15 0.328676 0.348026 0.164706 0.148684
15 0.503309 0.348026 0.168382 0.148684
15 0.679412 0.344737 0.167647 0.155263
15 0.850000 0.342763 0.152941 0.140789
15 0.855515 0.515132 0.156618 0.138158
15 0.684559 0.517763 0.167647 0.151316
15 0.509559 0.521053 0.164706 0.155263
15 0.336397 0.521053 0.161029 0.150000
15 0.167647 0.509868 0.151471 0.151316
15 0.181250 0.675000 0.155147 0.147368
15 0.345588 0.692105 0.161765 0.150000
15 0.518750 0.698026 0.165441 0.151316
15 0.692279 0.693421 0.161029 0.150000
15 0.861397 0.676974 0.150735 0.135526
15 0.859559 0.841447 0.152941 0.140789
15 0.694853 0.851974 0.158824 0.140789
15 0.526103 0.856579 0.156618 0.144737
15 0.355882 0.855263 0.158824 0.152632
15 0.190441 0.836184 0.155882 0.153947
