0 0.151471 0.186842 0.148529 0.139474
0 0.318382 0.178947 0.161765 0.150000
0 0.495221 0.179605 0.168382 0.156579
0 0.674632 0.175000 0.166912 0.150000
0 0.846691 0.184868 0.144853 0.146053
0 0.849632 0.353289 0.153676 0.143421
0 0.678676 0.354605 0.166176 0.161842
0 0.499265 0.357237 0.164706 0.156579
0 0.327206 0.351974 0.158824 0.143421
0 0.161397 0.352632 0.150735 0.139474
0 0.165441 0.515132 0.147059 0.148684
0 0.331250 0.523026 0.158088 0.148684
0 0.507721 0.527632 0.165441 0.150000
0 0.684559 0.527632 0.163235 0.150000
0 0.853309 0.521711 0.158088 0.143421
0 0.856250 0.684211 0.153676 0.136842
0 0.690441 0.690789 0.161765 0.139474
0 0.515441 0.697368 0.161765 0.139474
0 0.341176 0.692763 0.155882 0.153947
0 0.174632 0.678289 0.153676 0.146053
0 0.186029 0.838816 0.145588 0.143421
0 0.350368 0.849342 0.156618 0.140789
0 0.520221 0.857895 0.158088 0.136842
0 0.688603 0.850000 0.158088 0.128947
0 0.855147 0.842105 0.155882 0.136842