0 0.156333 0.226111 0.162000 0.150000
0 0.325000 0.223889 0.166000 0.145556
0 0.501000 0.214444 0.166000 0.144444
0 0.670667 0.206111 0.164000 0.141111
0 0.842667 0.198889 0.162667 0.133333
0 0.838667 0.349444 0.166667 0.136667
0 0.667333 0.362222 0.169333 0.142222
0 0.495667 0.371111 0.166000 0.142222
0 0.325667 0.375556 0.168667 0.146667
0 0.152000 0.381667 0.165333 0.145556
0 0.152333 0.536111 0.170000 0.154444
0 0.320667 0.531111 0.162667 0.146667
0 0.492667 0.525556 0.169333 0.144444
0 0.667000 0.521667 0.168667 0.141111
0 0.836000 0.505556 0.166667 0.140000
0 0.832000 0.661111 0.168000 0.133333
0 0.662667 0.673889 0.166667 0.141111
0 0.489333 0.678889 0.168000 0.140000
0 0.319000 0.685556 0.167333 0.131111
0 0.150000 0.689444 0.166667 0.143333
0 0.153333 0.837778 0.166667 0.148889
0 0.322333 0.835000 0.168667 0.141111
0 0.490333 0.828889 0.166000 0.135556
0 0.658000 0.820556 0.164000 0.134444
0 0.829667 0.812778 0.160667 0.134444
