0 0.148529 0.179605 0.166176 0.156579
0 0.317279 0.177632 0.171324 0.168421
0 0.495221 0.176316 0.175735 0.168421
0 0.674632 0.182237 0.175735 0.169737
0 0.840074 0.190132 0.155147 0.151316
0 0.845588 0.351974 0.163235 0.156579
0 0.675735 0.352632 0.176471 0.163158
0 0.498897 0.354605 0.175735 0.167105
0 0.324632 0.352632 0.166912 0.163158
0 0.160294 0.353289 0.158824 0.153947
0 0.165074 0.515132 0.153676 0.159211
0 0.330147 0.519079 0.166176 0.161842
0 0.504779 0.526974 0.175735 0.164474
0 0.680882 0.520395 0.172059 0.161842
0 0.850000 0.520395 0.158824 0.156579
0 0.850735 0.682237 0.163235 0.153947
0 0.684559 0.689474 0.172059 0.150000
0 0.512132 0.692105 0.174265 0.157895
0 0.337868 0.688816 0.168382 0.156579
0 0.172059 0.678289 0.160294 0.159211
0 0.184191 0.839474 0.159559 0.160526
0 0.348162 0.850658 0.166912 0.159211
0 0.515074 0.854605 0.169853 0.148684
0 0.684926 0.851316 0.165441 0.144737
0 0.850735 0.841447 0.161765 0.138158
