0 0.148667 0.210556 0.174667 0.161111
0 0.320000 0.204444 0.173333 0.151111
0 0.491667 0.195000 0.174000 0.152222
0 0.663333 0.190000 0.173333 0.148889
0 0.833000 0.182778 0.170000 0.154444
0 0.833333 0.339444 0.174667 0.147778
0 0.826000 0.493333 0.176000 0.153333
0 0.821000 0.647222 0.174000 0.154444
0 0.817667 0.807222 0.176667 0.141111
0 0.648000 0.811111 0.169333 0.148889
0 0.476000 0.810556 0.170667 0.150000
0 0.307667 0.817778 0.164667 0.137778
0 0.137667 0.822222 0.171333 0.142222
0 0.138333 0.670000 0.168667 0.151111
0 0.309000 0.671111 0.171333 0.146667
0 0.479333 0.664444 0.172000 0.148889
0 0.650667 0.658889 0.177333 0.144444
0 0.656000 0.503333 0.173333 0.151111
0 0.660000 0.346667 0.172000 0.144444
0 0.487333 0.354444 0.170667 0.155556
0 0.484000 0.510556 0.177333 0.156667
0 0.315667 0.357778 0.171333 0.135556
0 0.308333 0.513333 0.170000 0.155556
0 0.143000 0.361111 0.170000 0.144444
0 0.137333 0.519444 0.174667 0.156667