0 0.142279 0.178947 0.156618 0.152632
0 0.312132 0.172368 0.168382 0.155263
0 0.490441 0.177632 0.176471 0.163158
0 0.670956 0.175000 0.172794 0.165789
0 0.841544 0.183553 0.156618 0.156579
0 0.847059 0.353947 0.160294 0.155263
0 0.677574 0.351316 0.177206 0.163158
0 0.497794 0.352632 0.176471 0.168421
0 0.319118 0.351974 0.166176 0.169737
0 0.152206 0.352632 0.155882 0.157895
0 0.158824 0.517105 0.154412 0.157895
0 0.325368 0.525000 0.171324 0.173684
0 0.504412 0.525000 0.177941 0.168421
0 0.681250 0.523026 0.171324 0.164474
0 0.851103 0.518421 0.159559 0.157895
0 0.856250 0.684868 0.159559 0.148684
0 0.687500 0.694737 0.167647 0.163158
0 0.511029 0.696711 0.172059 0.161842
0 0.335294 0.692105 0.170588 0.160526
0 0.169118 0.678947 0.163235 0.160526
0 0.180882 0.842763 0.161765 0.153947
0 0.342647 0.854605 0.157353 0.159211
0 0.516176 0.856579 0.166176 0.147368
0 0.687500 0.857237 0.166176 0.138158
0 0.854412 0.844737 0.167647 0.139474
