0 0.152667 0.201667 0.162667 0.127778
0 0.321333 0.200000 0.154667 0.120000
0 0.490000 0.196667 0.160000 0.133333
0 0.662333 0.186667 0.158000 0.128889
0 0.834333 0.171667 0.159333 0.134444
0 0.828667 0.330556 0.157333 0.134444
0 0.657000 0.342222 0.160667 0.131111
0 0.489000 0.349444 0.160667 0.130000
0 0.317000 0.356667 0.160667 0.137778
0 0.146333 0.362778 0.158000 0.134444
0 0.144667 0.513889 0.157333 0.134444
0 0.313667 0.511667 0.159333 0.136667
0 0.483667 0.506667 0.162000 0.135556
0 0.652667 0.492778 0.158667 0.123333
0 0.823000 0.479444 0.158000 0.134444
0 0.816333 0.633333 0.156667 0.131111
0 0.650000 0.645556 0.156000 0.124444
0 0.477667 0.654444 0.160667 0.133333
0 0.312667 0.661667 0.161333 0.134444
0 0.143000 0.665556 0.156667 0.140000
0 0.147667 0.812778 0.155333 0.130000
0 0.312333 0.811667 0.155333 0.130000
0 0.479667 0.805000 0.158000 0.136667
0 0.646667 0.798889 0.160000 0.126667
0 0.813667 0.782778 0.159333 0.127778