0 0.148162 0.171053 0.163971 0.157895
0 0.316176 0.163816 0.173529 0.167105
0 0.493382 0.165132 0.182353 0.172368
0 0.671691 0.165132 0.181618 0.180263
0 0.847794 0.171711 0.166176 0.164474
0 0.848897 0.341447 0.169853 0.169737
0 0.678676 0.342763 0.180882 0.180263
0 0.499265 0.343421 0.182353 0.173684
0 0.320221 0.342763 0.177206 0.175000
0 0.151471 0.344737 0.167647 0.165789
0 0.162500 0.515789 0.164706 0.163158
0 0.332721 0.522368 0.171324 0.186842
0 0.506618 0.521053 0.179412 0.176316
0 0.683456 0.517105 0.175735 0.171053
0 0.856985 0.508553 0.166912 0.159211
0 0.858456 0.679605 0.162500 0.159211
0 0.689706 0.692105 0.173529 0.168421
0 0.514706 0.694737 0.175000 0.171053
0 0.338603 0.695395 0.172794 0.172368
0 0.169485 0.683553 0.165441 0.169737
0 0.183456 0.846711 0.166912 0.167105
0 0.348529 0.858553 0.169118 0.164474
0 0.521691 0.861184 0.171324 0.161842
0 0.690074 0.852632 0.168382 0.155263
0 0.858088 0.848026 0.164706 0.164474
