15 0.150735 0.180263 0.155882 0.144737
15 0.323529 0.190789 0.126471 0.092105
15 0.488235 0.187500 0.111765 0.122368
15 0.663971 0.171053 0.129412 0.105263
15 0.845956 0.186842 0.108088 0.102632
15 0.851103 0.344079 0.131618 0.114474
15 0.676471 0.344079 0.110294 0.130263
15 0.483456 0.345395 0.096324 0.109211
15 0.322426 0.351316 0.134559 0.142105
15 0.158088 0.349342 0.113235 0.117105
15 0.156985 0.519079 0.133088 0.103947
15 0.326103 0.513158 0.099265 0.131579
15 0.503309 0.529605 0.108088 0.090789
15 0.684559 0.520395 0.107353 0.090789
15 0.855147 0.513816 0.147059 0.111842
15 0.858088 0.682237 0.150000 0.138158
15 0.693750 0.693421 0.156618 0.126316
15 0.510294 0.696053 0.161765 0.144737
15 0.333456 0.690789 0.150735 0.134211
15 0.176471 0.680263 0.133824 0.142105
15 0.179779 0.844079 0.137500 0.132895
15 0.351103 0.863816 0.136029 0.101316
15 0.515441 0.859211 0.150000 0.100000
15 0.695588 0.866447 0.136765 0.098684
15 0.859559 0.842105 0.135294 0.097368
