0 0.154412 0.187500 0.154412 0.146053
0 0.319853 0.183553 0.169118 0.159211
0 0.495956 0.184211 0.171324 0.155263
0 0.673162 0.180921 0.163971 0.156579
0 0.842647 0.187500 0.152941 0.146053
0 0.844118 0.353947 0.155882 0.144737
0 0.676103 0.357237 0.169853 0.159211
0 0.498897 0.358553 0.175735 0.164474
0 0.161397 0.359211 0.155147 0.165789
0 0.326838 0.359211 0.166912 0.165789
0 0.168015 0.521053 0.159559 0.163158
0 0.331618 0.526974 0.167647 0.169737
0 0.505882 0.528947 0.173529 0.165789
0 0.680882 0.524342 0.166176 0.156579
0 0.850735 0.521711 0.160294 0.151316
0 0.851103 0.680921 0.155147 0.148684
0 0.689338 0.690789 0.168382 0.155263
0 0.177206 0.680921 0.157353 0.156579
0 0.343382 0.694079 0.167647 0.161842
0 0.513235 0.694737 0.172059 0.157895
0 0.685294 0.686842 0.170588 0.150000
0 0.849632 0.838816 0.158088 0.132895
0 0.685294 0.845395 0.166176 0.143421
0 0.516176 0.849342 0.166176 0.151316
0 0.347426 0.847368 0.165441 0.144737
0 0.184559 0.832237 0.158824 0.146053
