0 0.153667 0.207778 0.159333 0.135556
0 0.320667 0.206111 0.165333 0.136667
0 0.492333 0.195556 0.158000 0.135556
0 0.663000 0.188333 0.164667 0.127778
0 0.832667 0.177222 0.158667 0.132222
0 0.829333 0.330000 0.158667 0.133333
0 0.658000 0.340556 0.161333 0.127778
0 0.487667 0.352222 0.162000 0.133333
0 0.316000 0.360000 0.164000 0.128889
0 0.145333 0.363333 0.157333 0.135556
0 0.143333 0.517778 0.160000 0.133333
0 0.313667 0.514444 0.163333 0.137778
0 0.484667 0.505000 0.164000 0.130000
0 0.656000 0.492778 0.156000 0.132222
0 0.824667 0.485556 0.161333 0.128889
0 0.820000 0.634444 0.160000 0.124444
0 0.649667 0.648889 0.156667 0.126667
0 0.480333 0.661667 0.159333 0.136667
0 0.310667 0.660556 0.160000 0.138889
0 0.141000 0.663889 0.158000 0.134444
0 0.147667 0.813333 0.156667 0.133333
0 0.313667 0.813333 0.158000 0.128889
0 0.480333 0.807222 0.160667 0.132222
0 0.647333 0.796111 0.161333 0.125556
0 0.814667 0.784444 0.157333 0.124444