0 0.152000 0.202778 0.173333 0.158889
0 0.326000 0.201667 0.169333 0.154444
0 0.494333 0.199444 0.171333 0.150000
0 0.664333 0.186111 0.171333 0.150000
0 0.836333 0.178333 0.164667 0.152222
0 0.832667 0.333333 0.172000 0.148889
0 0.661000 0.342222 0.170000 0.146667
0 0.491000 0.346667 0.176667 0.148889
0 0.318333 0.353333 0.175333 0.153333
0 0.152000 0.356667 0.170667 0.153333
0 0.149000 0.514444 0.168667 0.146667
0 0.317000 0.508889 0.171333 0.144444
0 0.485667 0.504444 0.171333 0.153333
0 0.655333 0.495000 0.173333 0.154444
0 0.827667 0.485000 0.172667 0.147778
0 0.824667 0.639444 0.172000 0.147778
0 0.656000 0.649444 0.164000 0.147778
0 0.485333 0.655556 0.170667 0.151111
0 0.315333 0.658333 0.168000 0.152222
0 0.147667 0.667222 0.167333 0.154444
0 0.150667 0.813889 0.169333 0.145556
0 0.318000 0.808333 0.165333 0.145556
0 0.483333 0.805556 0.170667 0.142222
0 0.650667 0.801111 0.172000 0.146667
0 0.818000 0.790000 0.166667 0.140000
