0 0.156667 0.208889 0.156000 0.133333
0 0.325667 0.207778 0.162000 0.128889
0 0.494333 0.202778 0.160667 0.136667
0 0.663667 0.192222 0.160667 0.124444
0 0.834000 0.182778 0.156000 0.136667
0 0.828000 0.336111 0.157333 0.130000
0 0.658667 0.347778 0.157333 0.128889
0 0.491000 0.355000 0.158000 0.132222
0 0.319333 0.357778 0.160000 0.128889
0 0.152000 0.365000 0.153333 0.130000
0 0.149667 0.511667 0.156667 0.134444
0 0.317000 0.509444 0.155333 0.130000
0 0.487333 0.507222 0.158667 0.132222
0 0.657333 0.498333 0.157333 0.125556
0 0.825000 0.484444 0.156667 0.128889
0 0.818000 0.637222 0.158667 0.118889
0 0.650667 0.646111 0.160000 0.116667
0 0.484333 0.654444 0.160667 0.126667
0 0.317000 0.660556 0.156667 0.130000
0 0.148667 0.662222 0.156000 0.133333
0 0.152667 0.810556 0.158667 0.136667
0 0.317000 0.807222 0.158000 0.130000
0 0.483000 0.805000 0.159333 0.127778
0 0.651000 0.798333 0.162000 0.123333
0 0.817667 0.786667 0.150000 0.122222