0 0.144853 0.169737 0.158824 0.139474
0 0.317279 0.157237 0.163971 0.140789
0 0.499265 0.170395 0.164706 0.148684
0 0.679412 0.155921 0.169118 0.156579
0 0.854044 0.167105 0.153676 0.139474
0 0.854044 0.340132 0.155147 0.153947
0 0.682353 0.341447 0.166176 0.146053
0 0.502206 0.346711 0.164706 0.156579
0 0.320588 0.342105 0.161765 0.144737
0 0.148897 0.345395 0.153676 0.148684
0 0.155515 0.514474 0.153676 0.144737
0 0.329412 0.521711 0.163235 0.161842
0 0.507721 0.523026 0.165441 0.146053
0 0.688235 0.522368 0.167647 0.144737
0 0.861765 0.512500 0.160294 0.143421
0 0.863603 0.681579 0.153676 0.147368
0 0.692647 0.697368 0.164706 0.152632
0 0.512500 0.700000 0.170588 0.152632
0 0.337868 0.697368 0.162500 0.150000
0 0.166912 0.686184 0.157353 0.156579
0 0.175735 0.855263 0.151471 0.136842
0 0.345221 0.862500 0.159559 0.140789
0 0.516176 0.865789 0.166176 0.142105
0 0.690809 0.863816 0.159559 0.143421
0 0.863603 0.850000 0.155147 0.147368