15 0.153309 0.185526 0.156618 0.144737
15 0.320588 0.173684 0.160294 0.144737
15 0.495221 0.178289 0.166912 0.151316
15 0.675368 0.175658 0.168382 0.153947
15 0.846324 0.184211 0.151471 0.147368
15 0.850735 0.350658 0.152941 0.148684
15 0.678676 0.353947 0.163235 0.152632
15 0.500368 0.353289 0.162500 0.153947
15 0.324265 0.349342 0.160294 0.146053
15 0.157721 0.348684 0.150735 0.139474
15 0.164706 0.517105 0.150000 0.144737
15 0.331985 0.524342 0.159559 0.140789
15 0.507721 0.528947 0.161029 0.150000
15 0.684926 0.525658 0.163971 0.148684
15 0.854412 0.517105 0.152941 0.139474
15 0.855882 0.680263 0.154412 0.131579
15 0.688971 0.690789 0.160294 0.136842
15 0.515441 0.697368 0.166176 0.152632
15 0.339338 0.688816 0.163971 0.151316
15 0.172426 0.682237 0.150735 0.143421
15 0.185294 0.843421 0.152941 0.147368
15 0.350368 0.858553 0.156618 0.140789
15 0.519118 0.856579 0.154412 0.136842
15 0.689338 0.855263 0.159559 0.134211
15 0.856250 0.843421 0.153676 0.131579
