0 0.148162 0.169079 0.165441 0.159211
0 0.316912 0.169079 0.170588 0.159211
0 0.493015 0.166447 0.174265 0.161842
0 0.673897 0.167105 0.177206 0.163158
0 0.843015 0.169737 0.159559 0.155263
0 0.848529 0.344737 0.163235 0.163158
0 0.676838 0.342105 0.172794 0.165789
0 0.496324 0.349342 0.179412 0.175000
0 0.322426 0.347368 0.171324 0.168421
0 0.154412 0.341447 0.155882 0.161842
0 0.160662 0.509868 0.159559 0.161842
0 0.327206 0.519737 0.172059 0.176316
0 0.502206 0.521711 0.173529 0.172368
0 0.681985 0.522368 0.172794 0.171053
0 0.850000 0.517105 0.166176 0.163158
0 0.857721 0.678947 0.161029 0.152632
0 0.687868 0.692763 0.171324 0.159211
0 0.513603 0.694079 0.172794 0.161842
0 0.336765 0.686842 0.177941 0.168421
0 0.170956 0.680921 0.162500 0.167105
0 0.337500 0.692763 0.169118 0.167105
0 0.513603 0.697368 0.171324 0.160526
0 0.689338 0.689474 0.168382 0.157895
0 0.857721 0.682895 0.158088 0.163158
0 0.855882 0.840132 0.160294 0.135526
0 0.686765 0.851974 0.167647 0.146053
0 0.514338 0.855921 0.168382 0.148684
0 0.345588 0.853289 0.164706 0.159211
0 0.179412 0.840132 0.161765 0.161842
