0 0.153333 0.198333 0.160000 0.136667
0 0.323000 0.197778 0.166000 0.137778
0 0.493333 0.189444 0.164000 0.134444
0 0.665000 0.181111 0.170000 0.133333
0 0.834667 0.173333 0.158667 0.137778
0 0.832667 0.327222 0.161333 0.136667
0 0.661667 0.338889 0.164667 0.128889
0 0.490000 0.347778 0.166667 0.140000
0 0.317000 0.352778 0.163333 0.138889
0 0.146667 0.355000 0.162667 0.134444
0 0.144667 0.512778 0.161333 0.134444
0 0.313667 0.507778 0.163333 0.128889
0 0.486667 0.500000 0.161333 0.135556
0 0.657000 0.495000 0.163333 0.132222
0 0.827333 0.481111 0.161333 0.133333
0 0.821667 0.635000 0.163333 0.136667
0 0.652333 0.651111 0.166000 0.131111
0 0.482000 0.656111 0.164000 0.136667
0 0.310667 0.658333 0.166667 0.143333
0 0.143333 0.662778 0.156000 0.134444
0 0.145000 0.815000 0.160667 0.134444
0 0.312333 0.812778 0.160667 0.134444
0 0.482000 0.806111 0.162667 0.136667
0 0.651667 0.800556 0.164667 0.130000
0 0.820000 0.790000 0.160000 0.131111