0 0.156333 0.226667 0.158000 0.137778
0 0.327333 0.222778 0.162667 0.136667
0 0.497000 0.216667 0.167333 0.142222
0 0.669667 0.206111 0.164667 0.132222
0 0.841000 0.194444 0.160667 0.144444
0 0.839333 0.353333 0.161333 0.137778
0 0.834000 0.507222 0.164000 0.130000
0 0.827333 0.660556 0.160000 0.125556
0 0.669000 0.363889 0.160667 0.130000
0 0.495667 0.373333 0.163333 0.137778
0 0.324667 0.378889 0.162667 0.133333
0 0.152667 0.382222 0.157333 0.140000
0 0.152667 0.536111 0.157333 0.136667
0 0.321000 0.532778 0.160667 0.134444
0 0.492333 0.528333 0.163333 0.130000
0 0.662000 0.516667 0.161333 0.124444
0 0.151000 0.691667 0.159333 0.136667
0 0.319667 0.683889 0.162000 0.136667
0 0.489667 0.678333 0.164667 0.138889
0 0.660667 0.671111 0.160000 0.126667
0 0.157000 0.836667 0.160667 0.140000
0 0.323000 0.835000 0.159333 0.143333
0 0.488000 0.829444 0.161333 0.132222
0 0.656000 0.821667 0.162667 0.125556
0 0.822667 0.809444 0.158667 0.130000