15 0.151333 0.202222 0.161333 0.128889
15 0.320667 0.195556 0.158667 0.131111
15 0.493000 0.190556 0.160667 0.130000
15 0.660000 0.181111 0.162667 0.133333
15 0.834333 0.173889 0.158000 0.130000
15 0.829000 0.330000 0.156667 0.135556
15 0.660000 0.336667 0.162667 0.128889
15 0.488667 0.345556 0.164000 0.126667
15 0.314333 0.352778 0.156667 0.121111
15 0.142333 0.359444 0.159333 0.138889
15 0.142667 0.511667 0.157333 0.136667
15 0.314333 0.508333 0.159333 0.136667
15 0.485000 0.504444 0.163333 0.126667
15 0.656000 0.493889 0.161333 0.132222
15 0.827667 0.483333 0.156667 0.133333
15 0.817333 0.635556 0.160000 0.126667
15 0.652000 0.650556 0.161333 0.127778
15 0.481000 0.653333 0.162000 0.128889
15 0.308667 0.663333 0.164000 0.133333
15 0.141667 0.670000 0.162000 0.144444
15 0.146333 0.817222 0.155333 0.123333
15 0.309667 0.816111 0.158000 0.127778
15 0.477667 0.808889 0.162000 0.128889
15 0.646667 0.802222 0.165333 0.126667
15 0.817000 0.787222 0.150000 0.127778
