0 0.148897 0.179605 0.162500 0.164474
0 0.317279 0.174342 0.174265 0.172368
0 0.493750 0.169737 0.180147 0.168421
0 0.675000 0.169737 0.179412 0.173684
0 0.844118 0.181579 0.160294 0.160526
0 0.157721 0.351316 0.159559 0.173684
0 0.324632 0.347368 0.168382 0.171053
0 0.499632 0.349342 0.178676 0.175000
0 0.679044 0.350000 0.177206 0.176316
0 0.850000 0.351316 0.167647 0.165789
0 0.164706 0.519737 0.166176 0.165789
0 0.332721 0.524342 0.169853 0.167105
0 0.506618 0.528289 0.175000 0.172368
0 0.687132 0.519079 0.175735 0.164474
0 0.855882 0.519737 0.164706 0.160526
0 0.170588 0.683553 0.169118 0.161842
0 0.339338 0.695395 0.174265 0.167105
0 0.513603 0.697368 0.174265 0.165789
0 0.687868 0.690789 0.174265 0.160526
0 0.859559 0.686842 0.161765 0.160526
0 0.183824 0.843421 0.163235 0.163158
0 0.350368 0.855263 0.166912 0.163158
0 0.520588 0.860526 0.170588 0.160526
0 0.691176 0.855263 0.167647 0.155263
0 0.858456 0.846711 0.161029 0.153947
