0 0.150667 0.208889 0.160000 0.135556
0 0.323333 0.205556 0.161333 0.135556
0 0.491667 0.196111 0.160667 0.130000
0 0.662333 0.185556 0.162000 0.131111
0 0.832000 0.176111 0.156000 0.136667
0 0.828000 0.331111 0.158667 0.128889
0 0.659667 0.342222 0.159333 0.126667
0 0.487333 0.351111 0.160000 0.128889
0 0.316667 0.358889 0.156000 0.128889
0 0.147333 0.362222 0.157333 0.131111
0 0.146333 0.511111 0.156667 0.126667
0 0.312333 0.510000 0.156667 0.126667
0 0.484667 0.501111 0.156000 0.117778
0 0.657333 0.491111 0.153333 0.111111
0 0.826000 0.485556 0.153333 0.124444
0 0.815667 0.634444 0.158000 0.117778
0 0.649667 0.650000 0.156667 0.126667
0 0.480667 0.657222 0.164000 0.130000
0 0.311333 0.662778 0.160000 0.134444
0 0.144667 0.666111 0.157333 0.136667
0 0.148000 0.816667 0.160000 0.128889
0 0.313333 0.812222 0.157333 0.128889
0 0.479667 0.808889 0.158000 0.131111
0 0.647667 0.802222 0.160667 0.128889
0 0.814667 0.783889 0.156000 0.123333