0 0.143750 0.178289 0.159559 0.148684
0 0.316176 0.171711 0.173529 0.161842
0 0.496324 0.169737 0.182353 0.165789
0 0.681618 0.167763 0.180882 0.172368
0 0.856618 0.181579 0.164706 0.160526
0 0.154412 0.348026 0.158824 0.148684
0 0.321691 0.352632 0.174265 0.160526
0 0.505147 0.352632 0.182353 0.168421
0 0.684926 0.348026 0.177206 0.169737
0 0.858824 0.353947 0.164706 0.152632
0 0.863971 0.521711 0.160294 0.143421
0 0.690074 0.525000 0.172794 0.155263
0 0.512500 0.530263 0.182353 0.157895
0 0.331985 0.526316 0.172794 0.168421
0 0.162500 0.518421 0.164706 0.157895
0 0.169485 0.692105 0.161029 0.160526
0 0.341176 0.699342 0.170588 0.167105
0 0.516544 0.704605 0.177206 0.164474
0 0.694118 0.700658 0.173529 0.153947
0 0.866912 0.688816 0.166176 0.159211
0 0.181250 0.852632 0.166912 0.155263
0 0.347426 0.866447 0.172794 0.161842
0 0.522794 0.867763 0.169118 0.153947
0 0.695956 0.862500 0.165441 0.143421
0 0.865809 0.854605 0.165441 0.148684