0 0.141912 0.171711 0.164706 0.156579
0 0.316544 0.169737 0.172794 0.168421
0 0.496691 0.169737 0.178676 0.165789
0 0.677574 0.172368 0.174265 0.165789
0 0.844853 0.178947 0.157353 0.152632
0 0.849632 0.349342 0.159559 0.153947
0 0.676471 0.350658 0.175000 0.172368
0 0.496691 0.353289 0.180147 0.167105
0 0.322059 0.350000 0.169118 0.168421
0 0.154044 0.344079 0.155147 0.156579
0 0.160662 0.515789 0.152206 0.155263
0 0.326471 0.526974 0.169118 0.153947
0 0.505147 0.526974 0.169118 0.151316
0 0.685294 0.525000 0.163235 0.157895
0 0.852941 0.520395 0.161765 0.148684
0 0.856618 0.682895 0.155882 0.136842
0 0.688971 0.694079 0.164706 0.143421
0 0.513971 0.700000 0.167647 0.152632
0 0.338603 0.694079 0.165441 0.151316
0 0.172426 0.680921 0.153676 0.156579
0 0.180882 0.840789 0.158824 0.150000
0 0.346691 0.857237 0.161029 0.153947
0 0.516176 0.859868 0.163235 0.148684
0 0.689338 0.856579 0.161029 0.134211
0 0.856250 0.844737 0.158088 0.136842