0 0.152574 0.173684 0.158088 0.144737
0 0.315441 0.165132 0.169118 0.159211
0 0.497426 0.169079 0.177206 0.156579
0 0.677206 0.169079 0.172059 0.156579
0 0.847426 0.173026 0.156618 0.148684
0 0.849632 0.343421 0.161029 0.150000
0 0.677574 0.344079 0.172794 0.156579
0 0.499265 0.345395 0.175000 0.167105
0 0.322794 0.346053 0.170588 0.160526
0 0.156618 0.344737 0.154412 0.155263
0 0.162132 0.515789 0.156618 0.157895
0 0.329412 0.521053 0.170588 0.157895
0 0.505515 0.522368 0.175735 0.160526
0 0.684559 0.519079 0.167647 0.161842
0 0.855515 0.515132 0.162500 0.156579
0 0.855882 0.684211 0.158824 0.152632
0 0.688235 0.691447 0.166176 0.156579
0 0.513603 0.693421 0.174265 0.157895
0 0.340809 0.692105 0.166912 0.157895
0 0.171324 0.678947 0.160294 0.160526
0 0.180882 0.839474 0.160294 0.155263
0 0.345956 0.851316 0.161029 0.152632
0 0.516912 0.857237 0.164706 0.153947
0 0.688235 0.851316 0.164706 0.139474
0 0.852941 0.843421 0.160294 0.144737
