0 0.156250 0.188158 0.159559 0.155263
0 0.320956 0.183553 0.174265 0.164474
0 0.495221 0.180921 0.177206 0.167105
0 0.672426 0.175658 0.174265 0.156579
0 0.841544 0.183553 0.158088 0.159211
0 0.846691 0.351316 0.162500 0.155263
0 0.679412 0.350658 0.179412 0.169737
0 0.501838 0.353289 0.175735 0.167105
0 0.326838 0.351974 0.172794 0.175000
0 0.163235 0.351316 0.158824 0.163158
0 0.169853 0.519079 0.160294 0.164474
0 0.334191 0.521711 0.169853 0.169737
0 0.507721 0.528947 0.174265 0.168421
0 0.684559 0.523684 0.170588 0.168421
0 0.852574 0.519079 0.163971 0.161842
0 0.855882 0.684211 0.164706 0.160526
0 0.689338 0.690132 0.174265 0.164474
0 0.514706 0.693421 0.173529 0.168421
0 0.345221 0.689474 0.169853 0.171053
0 0.177206 0.678947 0.161765 0.160526
0 0.187500 0.839474 0.163235 0.163158
0 0.351103 0.853289 0.165441 0.164474
0 0.519485 0.853947 0.166912 0.157895
0 0.687868 0.847368 0.168382 0.147368
0 0.856985 0.843421 0.162500 0.157895