0 0.155147 0.189474 0.152941 0.147368
0 0.320588 0.180921 0.163235 0.151316
0 0.495588 0.180921 0.167647 0.151316
0 0.675000 0.173684 0.167647 0.157895
0 0.846324 0.186184 0.148529 0.146053
0 0.851103 0.352632 0.156618 0.144737
0 0.680515 0.351974 0.165441 0.151316
0 0.502206 0.352632 0.164706 0.150000
0 0.329044 0.355263 0.163971 0.147368
0 0.163971 0.353289 0.151471 0.140789
0 0.168015 0.519737 0.150735 0.147368
0 0.336765 0.525658 0.161765 0.153947
0 0.509559 0.526974 0.163235 0.140789
0 0.685662 0.523026 0.162500 0.143421
0 0.854412 0.517763 0.152941 0.140789
0 0.858824 0.683553 0.158824 0.140789
0 0.690809 0.690789 0.162500 0.147368
0 0.516544 0.695395 0.162500 0.146053
0 0.343382 0.692763 0.161765 0.148684
0 0.177574 0.686184 0.153676 0.146053
0 0.186765 0.843421 0.154412 0.139474
0 0.353676 0.857895 0.157353 0.139474
0 0.521691 0.857895 0.162500 0.139474
0 0.691544 0.853289 0.158088 0.143421
0 0.856618 0.844737 0.155882 0.136842