0 0.155667 0.203333 0.159333 0.128889
0 0.324333 0.203889 0.163333 0.132222
0 0.492667 0.192778 0.157333 0.141111
0 0.661333 0.188333 0.162667 0.130000
0 0.829333 0.176111 0.156000 0.141111
0 0.826000 0.331111 0.157333 0.126667
0 0.658333 0.340556 0.159333 0.127778
0 0.488667 0.348889 0.161333 0.131111
0 0.319000 0.354444 0.159333 0.133333
0 0.148333 0.355556 0.156667 0.133333
0 0.147333 0.511667 0.157333 0.138889
0 0.314667 0.506667 0.160000 0.133333
0 0.485333 0.503333 0.160000 0.133333
0 0.653000 0.493333 0.159333 0.126667
0 0.819667 0.480000 0.156667 0.126667
0 0.814000 0.632222 0.160000 0.126667
0 0.649000 0.645000 0.159333 0.125556
0 0.479333 0.653333 0.158667 0.131111
0 0.311667 0.660000 0.160667 0.133333
0 0.146000 0.658333 0.158667 0.136667
0 0.151333 0.808333 0.157333 0.125556
0 0.317000 0.807778 0.147333 0.128889
0 0.479667 0.802222 0.156667 0.135556
0 0.647333 0.797778 0.158667 0.135556
0 0.811333 0.781667 0.161333 0.130000