0 0.153676 0.178947 0.154412 0.142105
0 0.318750 0.183553 0.165441 0.151316
0 0.496691 0.178289 0.171324 0.164474
0 0.676471 0.169737 0.173529 0.150000
0 0.844853 0.184211 0.154412 0.157895
0 0.159191 0.351316 0.152206 0.147368
0 0.326838 0.354605 0.162500 0.159211
0 0.502574 0.353947 0.172794 0.157895
0 0.681985 0.350658 0.169853 0.161842
0 0.851471 0.350658 0.161765 0.148684
0 0.165809 0.518421 0.156618 0.155263
0 0.333456 0.528289 0.171324 0.164474
0 0.511029 0.528947 0.179412 0.168421
0 0.688971 0.526316 0.170588 0.165789
0 0.856618 0.515132 0.154412 0.153947
0 0.175000 0.680263 0.154412 0.155263
0 0.343015 0.694079 0.162500 0.156579
0 0.517647 0.696711 0.166176 0.156579
0 0.689706 0.692105 0.164706 0.155263
0 0.860662 0.681579 0.159559 0.144737
0 0.185662 0.841447 0.153676 0.153947
0 0.351838 0.853289 0.162500 0.153947
0 0.522794 0.858553 0.160294 0.143421
0 0.694118 0.851316 0.158824 0.136842
0 0.860294 0.842105 0.160294 0.136842