0 0.154000 0.227778 0.164000 0.144444
0 0.323667 0.222778 0.164667 0.136667
0 0.497333 0.218889 0.162667 0.135556
0 0.669667 0.208889 0.167333 0.142222
0 0.843333 0.200000 0.160000 0.148889
0 0.840000 0.354444 0.161333 0.140000
0 0.665667 0.368333 0.166000 0.138889
0 0.492667 0.374444 0.169333 0.142222
0 0.319667 0.383333 0.164667 0.135556
0 0.150000 0.383333 0.160000 0.146667
0 0.148000 0.542778 0.164000 0.150000
0 0.318333 0.537222 0.163333 0.138889
0 0.490333 0.532222 0.164667 0.137778
0 0.660333 0.521111 0.166000 0.135556
0 0.837667 0.510000 0.158000 0.142222
0 0.833667 0.663333 0.163333 0.135556
0 0.659333 0.676667 0.165333 0.133333
0 0.489667 0.685000 0.163333 0.141111
0 0.318000 0.688333 0.165333 0.130000
0 0.149333 0.693889 0.161333 0.138889
0 0.152000 0.844444 0.162667 0.140000
0 0.320333 0.838889 0.160667 0.135556
0 0.488667 0.832222 0.161333 0.126667
0 0.657667 0.830556 0.163333 0.134444
0 0.829000 0.813333 0.155333 0.133333
