0 0.147794 0.183553 0.150000 0.151316
0 0.315809 0.178947 0.177206 0.176316
0 0.495588 0.178289 0.176471 0.169737
0 0.676471 0.177632 0.173529 0.176316
0 0.847426 0.183553 0.155147 0.159211
0 0.852574 0.354605 0.158088 0.159211
0 0.678676 0.355921 0.172059 0.161842
0 0.500735 0.357895 0.176471 0.163158
0 0.324632 0.359211 0.171324 0.163158
0 0.156985 0.351974 0.161029 0.159211
0 0.163971 0.521053 0.158824 0.168421
0 0.331250 0.526974 0.171324 0.167105
0 0.508088 0.528947 0.177941 0.163158
0 0.684559 0.528289 0.173529 0.167105
0 0.856618 0.522368 0.158824 0.152632
0 0.859191 0.682237 0.161029 0.156579
0 0.690074 0.695395 0.169853 0.153947
0 0.513603 0.696053 0.177206 0.165789
0 0.340441 0.694079 0.169118 0.161842
0 0.170956 0.683553 0.161029 0.159211
0 0.182353 0.840132 0.163235 0.164474
0 0.348529 0.858553 0.169118 0.156579
0 0.520221 0.859868 0.171324 0.148684
0 0.690809 0.855921 0.165441 0.146053
0 0.859559 0.846053 0.161765 0.144737
