15 0.143750 0.182237 0.163971 0.159211
15 0.315809 0.180921 0.168382 0.153947
15 0.495956 0.182237 0.174265 0.164474
15 0.678676 0.182895 0.175000 0.168421
15 0.850735 0.190789 0.154412 0.150000
15 0.152941 0.358553 0.152941 0.153947
15 0.325000 0.357895 0.170588 0.163158
15 0.501471 0.359211 0.179412 0.160526
15 0.680882 0.356579 0.172059 0.157895
15 0.851838 0.355263 0.163971 0.157895
15 0.159559 0.523684 0.160294 0.152632
15 0.328309 0.531579 0.175735 0.163158
15 0.508088 0.537500 0.176471 0.159211
15 0.686765 0.530263 0.170588 0.157895
15 0.857721 0.522368 0.165441 0.155263
15 0.172794 0.686842 0.163235 0.155263
15 0.341912 0.696053 0.173529 0.165789
15 0.517279 0.703289 0.171324 0.159211
15 0.689706 0.701316 0.169118 0.150000
15 0.862132 0.684868 0.161029 0.138158
15 0.183088 0.844079 0.160294 0.153947
15 0.348897 0.857895 0.166912 0.157895
15 0.519485 0.864474 0.169853 0.152632
15 0.694485 0.857237 0.168382 0.146053
15 0.861397 0.847368 0.162500 0.144737
