15 0.155147 0.184211 0.152941 0.147368
15 0.321324 0.177632 0.161765 0.144737
15 0.499632 0.176316 0.171324 0.152632
15 0.677574 0.169737 0.166912 0.155263
15 0.850000 0.180263 0.147059 0.150000
15 0.853309 0.353289 0.155147 0.143421
15 0.682721 0.353947 0.169853 0.150000
15 0.502574 0.353289 0.172794 0.146053
15 0.328309 0.351316 0.165441 0.150000
15 0.158088 0.353289 0.147059 0.143421
15 0.164338 0.515789 0.147794 0.150000
15 0.333456 0.523684 0.162500 0.157895
15 0.509191 0.525000 0.161029 0.155263
15 0.688971 0.523684 0.163235 0.147368
15 0.861397 0.518421 0.152206 0.131579
15 0.861765 0.682895 0.155882 0.139474
15 0.692279 0.690789 0.165441 0.142105
15 0.517279 0.698684 0.163971 0.150000
15 0.340809 0.694737 0.163971 0.152632
15 0.171691 0.682237 0.152206 0.151316
15 0.184926 0.846053 0.156618 0.144737
15 0.352574 0.857237 0.162500 0.146053
15 0.522059 0.863158 0.158824 0.139474
15 0.693015 0.855921 0.159559 0.143421
15 0.858824 0.844737 0.155882 0.131579
