0 0.154000 0.226667 0.169333 0.148889
0 0.324000 0.221667 0.168000 0.150000
0 0.498000 0.216667 0.172000 0.146667
0 0.668333 0.208333 0.170000 0.138889
0 0.841333 0.196111 0.166667 0.143333
0 0.838667 0.353333 0.174667 0.144444
0 0.666333 0.367222 0.172667 0.147778
0 0.494000 0.373333 0.170667 0.146667
0 0.321667 0.377222 0.172667 0.145556
0 0.148333 0.382222 0.170000 0.144444
0 0.149333 0.538889 0.168000 0.151111
0 0.319000 0.536111 0.170000 0.147778
0 0.491667 0.527778 0.172667 0.142222
0 0.664667 0.520556 0.170667 0.141111
0 0.836000 0.506667 0.168000 0.144444
0 0.831333 0.663889 0.169333 0.138889
0 0.659000 0.676667 0.166000 0.142222
0 0.489000 0.682778 0.170000 0.143333
0 0.316667 0.685556 0.172000 0.146667
0 0.150000 0.692222 0.166667 0.148889
0 0.152000 0.842778 0.164000 0.147778
0 0.319667 0.840556 0.163333 0.138889
0 0.489667 0.833889 0.168667 0.143333
0 0.658333 0.825556 0.164667 0.135556
0 0.826667 0.812778 0.166667 0.141111