0 0.149333 0.202222 0.172000 0.155556
0 0.319667 0.200556 0.176667 0.152222
0 0.494000 0.193333 0.169333 0.151111
0 0.662000 0.183889 0.174667 0.145556
0 0.834667 0.177222 0.168000 0.154444
0 0.832333 0.331667 0.172667 0.152222
0 0.662333 0.337778 0.172667 0.148889
0 0.489000 0.348889 0.175333 0.151111
0 0.317333 0.351111 0.174667 0.155556
0 0.146333 0.357222 0.171333 0.154444
0 0.142667 0.518333 0.172000 0.156667
0 0.312333 0.507222 0.172667 0.152222
0 0.485000 0.505000 0.172667 0.154444
0 0.654667 0.493333 0.173333 0.148889
0 0.826667 0.483333 0.172000 0.151111
0 0.820667 0.637222 0.168000 0.147778
0 0.648000 0.650000 0.173333 0.153333
0 0.479667 0.656667 0.171333 0.153333
0 0.312667 0.660556 0.170667 0.147778
0 0.141333 0.668889 0.172000 0.146667
0 0.142667 0.820000 0.173333 0.151111
0 0.312667 0.815556 0.168000 0.148889
0 0.481000 0.811111 0.168667 0.140000
0 0.646667 0.806111 0.172000 0.147778
0 0.815333 0.791111 0.166667 0.146667