0 0.148667 0.205000 0.170667 0.158889
0 0.320000 0.205000 0.172000 0.152222
0 0.493333 0.193889 0.172000 0.150000
0 0.665333 0.183889 0.174667 0.143333
0 0.836333 0.175556 0.168667 0.157778
0 0.832333 0.331667 0.172667 0.150000
0 0.662333 0.340000 0.171333 0.146667
0 0.490000 0.351667 0.173333 0.154444
0 0.315333 0.357222 0.172000 0.150000
0 0.144667 0.360556 0.169333 0.156667
0 0.141333 0.512778 0.170667 0.156667
0 0.313667 0.509444 0.171333 0.150000
0 0.486000 0.507222 0.172000 0.152222
0 0.657000 0.501111 0.171333 0.151111
0 0.828667 0.491111 0.172000 0.155556
0 0.823000 0.638889 0.174000 0.148889
0 0.651333 0.655556 0.174667 0.140000
0 0.478000 0.656667 0.166667 0.153333
0 0.311333 0.663333 0.168000 0.151111
0 0.142667 0.669444 0.170667 0.152222
0 0.142667 0.820556 0.172000 0.150000
0 0.312667 0.816667 0.168000 0.148889
0 0.478667 0.809444 0.169333 0.143333
0 0.649000 0.808333 0.167333 0.150000
0 0.817333 0.793889 0.170667 0.143333