0 0.148162 0.166447 0.166912 0.156579
0 0.316912 0.166447 0.172059 0.153947
0 0.496691 0.161842 0.177206 0.157895
0 0.680147 0.161184 0.177941 0.164474
0 0.852206 0.177632 0.158824 0.152632
0 0.855882 0.340789 0.155882 0.152632
0 0.681618 0.341447 0.177941 0.169737
0 0.501838 0.346711 0.180147 0.172368
0 0.323162 0.342105 0.171324 0.168421
0 0.154412 0.342763 0.164706 0.159211
0 0.162500 0.510526 0.161765 0.155263
0 0.331250 0.519737 0.175735 0.173684
0 0.508456 0.521711 0.178676 0.164474
0 0.684559 0.519737 0.177941 0.173684
0 0.858456 0.515132 0.159559 0.156579
0 0.859191 0.680921 0.162500 0.153947
0 0.688971 0.690132 0.172059 0.167105
0 0.515441 0.691447 0.173529 0.164474
0 0.339338 0.688158 0.166912 0.165789
0 0.171691 0.680921 0.163971 0.159211
0 0.182353 0.842105 0.163235 0.157895
0 0.345956 0.854605 0.168382 0.156579
0 0.516544 0.860526 0.168382 0.157895
0 0.690074 0.854605 0.165441 0.153947
0 0.859559 0.843421 0.163235 0.147368
