0 0.155667 0.226111 0.163333 0.147778
0 0.324333 0.224444 0.160667 0.140000
0 0.497333 0.218889 0.162667 0.140000
0 0.671000 0.211111 0.163333 0.140000
0 0.842333 0.195556 0.158000 0.148889
0 0.839667 0.351111 0.158000 0.140000
0 0.666333 0.368333 0.164667 0.147778
0 0.492333 0.376111 0.167333 0.132222
0 0.321000 0.382222 0.164667 0.137778
0 0.150000 0.385000 0.158667 0.141111
0 0.147667 0.539444 0.159333 0.143333
0 0.316667 0.538333 0.161333 0.136667
0 0.488333 0.531667 0.166000 0.134444
0 0.662667 0.521667 0.162667 0.138889
0 0.837333 0.509444 0.160000 0.134444
0 0.833667 0.666111 0.164667 0.134444
0 0.657667 0.679444 0.163333 0.136667
0 0.487667 0.685000 0.160667 0.134444
0 0.316667 0.689444 0.160000 0.134444
0 0.148000 0.694444 0.158667 0.137778
0 0.153667 0.842778 0.163333 0.138889
0 0.321000 0.840000 0.163333 0.135556
0 0.488333 0.836667 0.164667 0.137778
0 0.658667 0.829444 0.161333 0.134444
0 0.829667 0.814444 0.164667 0.135556