0 0.150368 0.184868 0.155147 0.146053
0 0.320221 0.180921 0.163971 0.159211
0 0.497059 0.178289 0.167647 0.151316
0 0.677206 0.176974 0.170588 0.156579
0 0.848162 0.181579 0.150735 0.147368
0 0.855515 0.350658 0.153676 0.135526
0 0.681250 0.353289 0.166912 0.148684
0 0.502941 0.361842 0.167647 0.147368
0 0.324632 0.354605 0.161029 0.151316
0 0.156250 0.351974 0.144853 0.146053
0 0.168015 0.523026 0.156618 0.151316
0 0.336029 0.528947 0.163235 0.157895
0 0.509559 0.527632 0.164706 0.144737
0 0.688603 0.523684 0.162500 0.152632
0 0.858824 0.517763 0.157353 0.148684
0 0.861765 0.684211 0.161765 0.139474
0 0.692279 0.692105 0.169853 0.139474
0 0.517279 0.698684 0.163971 0.150000
0 0.343382 0.695395 0.160294 0.151316
0 0.177574 0.681579 0.156618 0.144737
0 0.187132 0.844737 0.150735 0.142105
0 0.353676 0.859211 0.160294 0.144737
0 0.525000 0.860526 0.160294 0.144737
0 0.695588 0.855263 0.161765 0.136842
0 0.862500 0.842105 0.155882 0.139474