0 0.151667 0.210556 0.160667 0.138889
0 0.322000 0.205556 0.160000 0.135556
0 0.490667 0.199444 0.161333 0.134444
0 0.661333 0.186667 0.160000 0.131111
0 0.831333 0.172778 0.154667 0.136667
0 0.826333 0.330556 0.162000 0.134444
0 0.655667 0.343889 0.164667 0.127778
0 0.486667 0.354444 0.161333 0.133333
0 0.316667 0.359444 0.157333 0.134444
0 0.147000 0.362222 0.158000 0.137778
0 0.143667 0.517222 0.156667 0.138889
0 0.313667 0.512778 0.164667 0.138889
0 0.483333 0.506111 0.160000 0.134444
0 0.653000 0.495556 0.159333 0.124444
0 0.822333 0.486111 0.160667 0.130000
0 0.818333 0.638333 0.155333 0.121111
0 0.647667 0.647778 0.164667 0.126667
0 0.479667 0.660000 0.162000 0.128889
0 0.310667 0.663333 0.160000 0.133333
0 0.143333 0.665556 0.157333 0.131111
0 0.147333 0.815000 0.158667 0.130000
0 0.313000 0.814444 0.159333 0.133333
0 0.478667 0.807222 0.161333 0.130000
0 0.647667 0.802778 0.156667 0.127778
0 0.814000 0.786111 0.156000 0.130000