0 0.149265 0.173684 0.169118 0.157895
0 0.320588 0.168421 0.170588 0.163158
0 0.494853 0.165789 0.179412 0.178947
0 0.674265 0.165789 0.180882 0.173684
0 0.847794 0.171711 0.163235 0.169737
0 0.151838 0.346711 0.161029 0.164474
0 0.322059 0.344079 0.176471 0.172368
0 0.500735 0.344737 0.180882 0.178947
0 0.678309 0.346053 0.177206 0.173684
0 0.851103 0.343421 0.166912 0.168421
0 0.856250 0.512500 0.171324 0.172368
0 0.684926 0.520395 0.175735 0.169737
0 0.507721 0.526316 0.180147 0.171053
0 0.334191 0.524342 0.174265 0.177632
0 0.163603 0.515789 0.168382 0.168421
0 0.170221 0.682895 0.168382 0.168421
0 0.342647 0.691447 0.175000 0.175000
0 0.515809 0.694737 0.178676 0.168421
0 0.690809 0.691447 0.178676 0.172368
0 0.859926 0.677632 0.165441 0.165789
0 0.858088 0.844079 0.163235 0.164474
0 0.691176 0.853947 0.172059 0.157895
0 0.520221 0.856579 0.174265 0.165789
0 0.350000 0.853947 0.173529 0.163158
0 0.183088 0.844737 0.166176 0.176316
