0 0.157667 0.211111 0.163333 0.137778
0 0.330000 0.208333 0.160000 0.132222
0 0.652000 0.197778 0.160000 0.122222
0 0.825000 0.192778 0.159333 0.127778
0 0.832667 0.345000 0.161333 0.134444
0 0.662000 0.356111 0.164000 0.136667
0 0.490000 0.358889 0.169333 0.142222
0 0.318667 0.365000 0.162667 0.141111
0 0.146667 0.370556 0.162667 0.138889
0 0.144667 0.522778 0.160000 0.141111
0 0.313667 0.517778 0.163333 0.137778
0 0.486667 0.514444 0.164000 0.140000
0 0.657333 0.508333 0.161333 0.136667
0 0.826333 0.503889 0.160667 0.138889
0 0.823000 0.654444 0.160667 0.128889
0 0.651333 0.661111 0.161333 0.133333
0 0.480667 0.664444 0.160000 0.142222
0 0.311667 0.673889 0.162000 0.130000
0 0.141667 0.675000 0.159333 0.134444
0 0.146000 0.824444 0.154667 0.135556
0 0.312000 0.822222 0.160000 0.131111
0 0.480667 0.818333 0.162667 0.132222
0 0.650667 0.813889 0.160000 0.123333
0 0.818333 0.803889 0.159333 0.125556
1 0.495667 0.211667 0.136667 0.130000