0 0.150667 0.208333 0.173333 0.154444
0 0.320333 0.203333 0.171333 0.155556
0 0.491667 0.196111 0.172667 0.150000
0 0.663000 0.187222 0.172667 0.150000
0 0.832667 0.175556 0.173333 0.151111
0 0.832333 0.330000 0.172667 0.151111
0 0.657333 0.342222 0.168000 0.153333
0 0.488000 0.351667 0.176000 0.154444
0 0.315667 0.356111 0.174000 0.145556
0 0.144000 0.362222 0.172000 0.157778
0 0.140000 0.515000 0.172000 0.161111
0 0.312333 0.511111 0.174000 0.153333
0 0.484000 0.506111 0.172000 0.154444
0 0.654667 0.498333 0.173333 0.150000
0 0.825667 0.487778 0.175333 0.153333
0 0.821000 0.637778 0.171333 0.146667
0 0.648667 0.652778 0.170667 0.143333
0 0.478333 0.659444 0.172667 0.147778
0 0.310333 0.665556 0.170000 0.153333
0 0.140000 0.668333 0.169333 0.150000
0 0.143667 0.820000 0.168667 0.151111
0 0.311000 0.815000 0.170000 0.147778
0 0.479667 0.807778 0.170000 0.144444
0 0.648333 0.803333 0.167333 0.153333
0 0.817667 0.791667 0.168667 0.150000
