0 0.152333 0.198333 0.162000 0.138889
0 0.320333 0.194444 0.166000 0.140000
0 0.493000 0.186111 0.168667 0.134444
0 0.664000 0.176667 0.166667 0.137778
0 0.834333 0.166667 0.162000 0.140000
0 0.147000 0.355000 0.163333 0.143333
0 0.316333 0.349444 0.168667 0.138889
0 0.487000 0.341667 0.170000 0.138889
0 0.658667 0.332222 0.168000 0.133333
0 0.831667 0.321111 0.167333 0.137778
0 0.142667 0.511667 0.164000 0.143333
0 0.313000 0.502778 0.168667 0.143333
0 0.484000 0.497778 0.168000 0.142222
0 0.656333 0.488333 0.167333 0.134444
0 0.823333 0.475000 0.165333 0.138889
0 0.140000 0.660556 0.165333 0.145556
0 0.310667 0.659444 0.170667 0.147778
0 0.477000 0.648889 0.166000 0.131111
0 0.646333 0.643889 0.171333 0.134444
0 0.818333 0.628889 0.166000 0.135556
0 0.146000 0.815000 0.164000 0.141111
0 0.310667 0.811667 0.164000 0.138889
0 0.479667 0.805556 0.164667 0.140000
0 0.646667 0.798889 0.170667 0.137778
0 0.814000 0.778889 0.162667 0.135556