15 0.146691 0.180921 0.153676 0.146053
15 0.318015 0.182237 0.156618 0.148684
15 0.495956 0.180263 0.169853 0.144737
15 0.677941 0.176974 0.170588 0.159211
15 0.850368 0.184868 0.153676 0.153947
15 0.854779 0.352632 0.152206 0.136842
15 0.680147 0.355921 0.161765 0.148684
15 0.499632 0.359211 0.172794 0.160526
15 0.322426 0.356579 0.163971 0.147368
15 0.152206 0.351316 0.142647 0.147368
15 0.159926 0.521711 0.149265 0.148684
15 0.329044 0.529605 0.159559 0.153947
15 0.505515 0.529605 0.162500 0.143421
15 0.687500 0.529605 0.166176 0.148684
15 0.857721 0.522368 0.153676 0.134211
15 0.864706 0.688158 0.154412 0.134211
15 0.691176 0.697368 0.158824 0.142105
15 0.515441 0.700658 0.164706 0.132895
15 0.338235 0.698684 0.161765 0.142105
15 0.170956 0.685526 0.153676 0.147368
15 0.179412 0.848026 0.157353 0.143421
15 0.347426 0.859868 0.156618 0.140789
15 0.518750 0.861184 0.162500 0.135526
15 0.691176 0.856579 0.161765 0.134211
15 0.859926 0.851316 0.155147 0.128947
