0 0.153676 0.186842 0.152941 0.144737
0 0.325000 0.182237 0.158824 0.151316
0 0.497794 0.178947 0.164706 0.155263
0 0.676471 0.178947 0.170588 0.155263
0 0.847426 0.187500 0.144853 0.143421
0 0.850735 0.350658 0.152941 0.148684
0 0.679412 0.350658 0.164706 0.146053
0 0.503676 0.357237 0.167647 0.143421
0 0.328676 0.353289 0.160294 0.153947
0 0.160662 0.350658 0.152206 0.148684
0 0.167279 0.521053 0.149265 0.144737
0 0.335294 0.525000 0.158824 0.152632
0 0.509559 0.529605 0.164706 0.151316
0 0.685662 0.525658 0.163971 0.146053
0 0.856250 0.514474 0.153676 0.147368
0 0.859191 0.684868 0.159559 0.143421
0 0.690809 0.694079 0.159559 0.151316
0 0.517279 0.697368 0.165441 0.150000
0 0.344853 0.693421 0.157353 0.160526
0 0.178309 0.680263 0.150735 0.150000
0 0.189338 0.843421 0.153676 0.147368
0 0.354044 0.856579 0.159559 0.144737
0 0.522794 0.858553 0.158824 0.140789
0 0.693382 0.851316 0.161765 0.139474
0 0.858088 0.839474 0.154412 0.131579