15 0.148897 0.166447 0.156618 0.138158
15 0.317279 0.157237 0.163971 0.151316
15 0.498162 0.163816 0.174265 0.164474
15 0.682353 0.156579 0.172059 0.168421
15 0.851471 0.166447 0.161765 0.161842
15 0.155882 0.338158 0.152941 0.144737
15 0.325735 0.344737 0.167647 0.160526
15 0.502941 0.340789 0.176471 0.163158
15 0.681250 0.338158 0.175735 0.168421
15 0.855147 0.341447 0.166176 0.148684
15 0.163971 0.509868 0.161765 0.151316
15 0.332721 0.521053 0.175735 0.168421
15 0.511029 0.520395 0.176471 0.167105
15 0.689706 0.513816 0.169118 0.153947
15 0.862132 0.514474 0.166912 0.155263
15 0.171324 0.683553 0.152941 0.156579
15 0.338235 0.689474 0.177941 0.168421
15 0.516544 0.694737 0.172794 0.157895
15 0.694485 0.687500 0.166912 0.153947
15 0.864338 0.680263 0.162500 0.144737
15 0.184191 0.846053 0.162500 0.152632
15 0.351838 0.857895 0.166912 0.152632
15 0.521691 0.860526 0.169853 0.150000
15 0.696324 0.851974 0.166176 0.148684
15 0.862868 0.846711 0.166912 0.146053
