0 0.149265 0.175000 0.163235 0.157895
0 0.320956 0.171711 0.172794 0.161842
0 0.494853 0.175658 0.175000 0.164474
0 0.672794 0.177632 0.173529 0.160526
0 0.841912 0.182237 0.155882 0.159211
0 0.846324 0.346053 0.157353 0.155263
0 0.675368 0.349342 0.172794 0.169737
0 0.499632 0.350658 0.174265 0.172368
0 0.324265 0.350000 0.169118 0.165789
0 0.156250 0.345395 0.163971 0.161842
0 0.161397 0.511184 0.158088 0.153947
0 0.326103 0.519737 0.172794 0.163158
0 0.503676 0.523026 0.177941 0.159211
0 0.683088 0.523684 0.172059 0.171053
0 0.851103 0.520395 0.161029 0.159211
0 0.852574 0.680921 0.158088 0.153947
0 0.686029 0.680263 0.167647 0.155263
0 0.512868 0.694737 0.163971 0.157895
0 0.342647 0.693421 0.163235 0.160526
0 0.175735 0.680263 0.163235 0.165789
0 0.185662 0.832895 0.155147 0.155263
0 0.344853 0.852632 0.160294 0.155263
0 0.514706 0.854605 0.158824 0.143421
0 0.684191 0.852632 0.161029 0.134211
0 0.851471 0.840789 0.154412 0.134211