0 0.141912 0.169079 0.163235 0.159211
0 0.336765 0.159211 0.177941 0.176316
0 0.677574 0.164474 0.172794 0.168421
0 0.855147 0.171711 0.157353 0.151316
0 0.856250 0.347368 0.159559 0.147368
0 0.681618 0.349342 0.169118 0.153947
0 0.501838 0.348026 0.174265 0.164474
0 0.322794 0.350658 0.166176 0.156579
0 0.152574 0.346053 0.159559 0.152632
0 0.160662 0.517763 0.158088 0.146053
0 0.329779 0.524342 0.169853 0.156579
0 0.508088 0.525000 0.169118 0.155263
0 0.687132 0.528289 0.166912 0.151316
0 0.858824 0.517763 0.160294 0.146053
0 0.859191 0.688158 0.161029 0.144737
0 0.691176 0.695395 0.167647 0.153947
0 0.512500 0.698684 0.167647 0.157895
0 0.336765 0.695395 0.163235 0.156579
0 0.168015 0.682237 0.159559 0.153947
0 0.176838 0.848026 0.158088 0.148684
0 0.344485 0.863158 0.163971 0.150000
0 0.516912 0.865132 0.164706 0.146053
0 0.692279 0.861842 0.163971 0.147368
0 0.860294 0.851316 0.157353 0.142105
1 0.507353 0.171053 0.139706 0.168421