15 0.152667 0.202778 0.156000 0.130000
15 0.322000 0.203333 0.156000 0.140000
15 0.493333 0.200000 0.160000 0.133333
15 0.665000 0.188333 0.160667 0.130000
15 0.831000 0.179444 0.154000 0.127778
15 0.830667 0.335000 0.158667 0.118889
15 0.661000 0.340556 0.159333 0.123333
15 0.487333 0.349444 0.161333 0.138889
15 0.317000 0.357778 0.159333 0.133333
15 0.148667 0.357778 0.157333 0.135556
15 0.145667 0.514444 0.158000 0.137778
15 0.314333 0.512778 0.155333 0.132222
15 0.484000 0.509444 0.161333 0.130000
15 0.654667 0.495556 0.157333 0.128889
15 0.826667 0.487778 0.157333 0.126667
15 0.820000 0.638333 0.160000 0.127778
15 0.652333 0.651111 0.159333 0.126667
15 0.480333 0.656111 0.162000 0.130000
15 0.314000 0.665000 0.157333 0.132222
15 0.145333 0.662222 0.158667 0.137778
15 0.149333 0.810556 0.157333 0.136667
15 0.314667 0.811667 0.158667 0.132222
15 0.483000 0.806667 0.159333 0.126667
15 0.650000 0.802222 0.162667 0.128889
15 0.816333 0.788333 0.160667 0.125556
