0 0.155333 0.207222 0.164000 0.138889
0 0.323667 0.203889 0.164667 0.136667
0 0.493667 0.200000 0.166000 0.137778
0 0.663000 0.189444 0.172667 0.136667
0 0.833667 0.180000 0.162000 0.137778
0 0.149667 0.364444 0.162000 0.135556
0 0.321000 0.357778 0.167333 0.135556
0 0.488333 0.351111 0.166000 0.133333
0 0.658000 0.344444 0.168000 0.133333
0 0.829667 0.334444 0.166000 0.128889
0 0.146000 0.515000 0.158667 0.141111
0 0.315000 0.510000 0.170000 0.144444
0 0.487000 0.505000 0.168667 0.134444
0 0.656333 0.498333 0.170000 0.130000
0 0.827667 0.486111 0.163333 0.132222
0 0.146333 0.661667 0.162000 0.138889
0 0.313333 0.661667 0.169333 0.136667
0 0.484333 0.660556 0.164667 0.132222
0 0.651667 0.644444 0.164667 0.122222
0 0.818667 0.637778 0.160000 0.122222
0 0.149333 0.811111 0.162667 0.135556
0 0.315333 0.808889 0.162667 0.133333
0 0.482000 0.804444 0.165333 0.128889
0 0.648667 0.798889 0.162667 0.133333
0 0.814333 0.786667 0.166000 0.126667