15 0.148162 0.180921 0.155147 0.143421
15 0.320956 0.174342 0.163971 0.153947
15 0.497059 0.175000 0.170588 0.157895
15 0.678309 0.173026 0.168382 0.153947
15 0.849632 0.182895 0.147794 0.150000
15 0.855882 0.349342 0.154412 0.146053
15 0.683456 0.349342 0.166912 0.151316
15 0.502206 0.350658 0.166176 0.153947
15 0.326838 0.348684 0.161029 0.150000
15 0.155515 0.351316 0.150735 0.142105
15 0.164706 0.521711 0.147059 0.153947
15 0.333824 0.522368 0.160294 0.155263
15 0.512500 0.528289 0.157353 0.148684
15 0.691544 0.524342 0.159559 0.148684
15 0.861029 0.517105 0.148529 0.134211
15 0.865809 0.686842 0.155147 0.136842
15 0.693750 0.692105 0.163971 0.144737
15 0.517279 0.698684 0.165441 0.150000
15 0.344118 0.697368 0.164706 0.152632
15 0.174265 0.684868 0.154412 0.151316
15 0.184191 0.845395 0.150735 0.148684
15 0.351103 0.858553 0.161029 0.146053
15 0.525000 0.862500 0.163235 0.146053
15 0.695956 0.858553 0.162500 0.143421
15 0.863603 0.846711 0.155147 0.140789
