0 0.156333 0.202222 0.162000 0.140000
0 0.324000 0.197778 0.160000 0.133333
0 0.494667 0.196111 0.165333 0.125556
0 0.663333 0.188333 0.161333 0.132222
0 0.834000 0.175556 0.160000 0.140000
0 0.149333 0.354444 0.162667 0.144444
0 0.321000 0.357778 0.162000 0.131111
0 0.490667 0.352222 0.168000 0.128889
0 0.662000 0.344444 0.161333 0.124444
0 0.831333 0.331667 0.164000 0.127778
0 0.146000 0.509444 0.165333 0.141111
0 0.317333 0.506111 0.162667 0.136667
0 0.487667 0.503889 0.166000 0.136667
0 0.659000 0.496111 0.160667 0.127778
0 0.826667 0.485000 0.161333 0.130000
0 0.146333 0.663333 0.162000 0.137778
0 0.316000 0.660000 0.161333 0.137778
0 0.483333 0.655000 0.160000 0.132222
0 0.651667 0.644444 0.162000 0.126667
0 0.819333 0.635000 0.161333 0.125556
0 0.152333 0.811111 0.166000 0.142222
0 0.317667 0.807222 0.158000 0.132222
0 0.485000 0.803333 0.158000 0.135556
0 0.649000 0.798333 0.162000 0.130000
0 0.815333 0.786667 0.157333 0.124444