0 0.156000 0.230556 0.165333 0.138889
0 0.326000 0.224444 0.165333 0.140000
0 0.498333 0.216667 0.167333 0.140000
0 0.669333 0.210000 0.164000 0.128889
0 0.842000 0.195556 0.162667 0.135556
0 0.837667 0.351667 0.166000 0.136667
0 0.664333 0.367222 0.167333 0.132222
0 0.494000 0.376667 0.168000 0.137778
0 0.319667 0.380556 0.166000 0.143333
0 0.150667 0.383889 0.162667 0.141111
0 0.148333 0.541667 0.160667 0.141111
0 0.318333 0.537778 0.163333 0.135556
0 0.490333 0.531667 0.166000 0.132222
0 0.663333 0.525000 0.165333 0.125556
0 0.835667 0.509444 0.159333 0.132222
0 0.829000 0.665000 0.162000 0.130000
0 0.658333 0.677778 0.164667 0.126667
0 0.485333 0.683333 0.165333 0.135556
0 0.317333 0.690000 0.162667 0.135556
0 0.147333 0.696667 0.161333 0.140000
0 0.151000 0.844444 0.166000 0.135556
0 0.319667 0.837222 0.162000 0.138889
0 0.489000 0.837222 0.163333 0.138889
0 0.657333 0.827778 0.164000 0.135556
0 0.824333 0.816111 0.166000 0.134444