0 0.151000 0.207778 0.167333 0.153333
0 0.321333 0.201111 0.172000 0.144444
0 0.492667 0.199444 0.173333 0.143333
0 0.664333 0.190556 0.174000 0.147778
0 0.837333 0.178333 0.168000 0.156667
0 0.148333 0.365000 0.170000 0.161111
0 0.317333 0.356111 0.174667 0.156667
0 0.489667 0.354444 0.174000 0.148889
0 0.659667 0.347222 0.178000 0.158889
0 0.834333 0.336667 0.170000 0.148889
0 0.144667 0.517778 0.173333 0.155556
0 0.316000 0.511667 0.174667 0.150000
0 0.488000 0.511111 0.174667 0.153333
0 0.657333 0.501667 0.170667 0.145556
0 0.830000 0.487778 0.170667 0.148889
0 0.143000 0.669444 0.172667 0.156667
0 0.314000 0.663333 0.173333 0.153333
0 0.483333 0.660556 0.172000 0.150000
0 0.653333 0.653333 0.173333 0.146667
0 0.823333 0.640556 0.176000 0.141111
0 0.146000 0.820556 0.169333 0.154444
0 0.314667 0.816111 0.169333 0.156667
0 0.482000 0.811111 0.170667 0.148889
0 0.651333 0.806667 0.169333 0.146667
0 0.819667 0.793889 0.168667 0.150000
