0 0.148162 0.188816 0.158088 0.146053
0 0.314338 0.184211 0.168382 0.157895
0 0.496324 0.190132 0.172059 0.161842
0 0.674265 0.182237 0.173529 0.153947
0 0.843382 0.185526 0.155882 0.155263
0 0.843382 0.353289 0.160294 0.156579
0 0.674265 0.360526 0.173529 0.165789
0 0.498162 0.359211 0.175735 0.160526
0 0.323162 0.358553 0.169853 0.164474
0 0.158824 0.358553 0.154412 0.156579
0 0.160662 0.524342 0.162500 0.161842
0 0.327941 0.528947 0.169118 0.160526
0 0.503676 0.530263 0.172059 0.155263
0 0.679779 0.527632 0.169853 0.157895
0 0.853309 0.517105 0.162500 0.150000
0 0.854412 0.680263 0.164706 0.150000
0 0.687132 0.688158 0.168382 0.142105
0 0.513971 0.696053 0.173529 0.155263
0 0.342647 0.692763 0.166176 0.164474
0 0.173897 0.682237 0.162500 0.159211
0 0.183088 0.837500 0.158824 0.148684
0 0.349265 0.853289 0.166176 0.153947
0 0.517647 0.856579 0.167647 0.150000
0 0.686397 0.852632 0.166912 0.147368
0 0.850000 0.840789 0.160294 0.144737
