15 0.150000 0.178947 0.150000 0.147368
15 0.321324 0.181579 0.163235 0.150000
15 0.498529 0.176974 0.167647 0.151316
15 0.675735 0.171711 0.161765 0.153947
15 0.846324 0.184211 0.152941 0.144737
15 0.854044 0.350000 0.155147 0.144737
15 0.681250 0.352632 0.166912 0.152632
15 0.504044 0.353289 0.168382 0.153947
15 0.327574 0.348684 0.159559 0.150000
15 0.159559 0.352632 0.155882 0.150000
15 0.166176 0.517763 0.148529 0.148684
15 0.333824 0.523684 0.158824 0.150000
15 0.512132 0.528947 0.168382 0.152632
15 0.686029 0.525000 0.167647 0.144737
15 0.858824 0.518421 0.157353 0.136842
15 0.863235 0.683553 0.152941 0.138158
15 0.691544 0.691447 0.161029 0.146053
15 0.517279 0.700658 0.163971 0.146053
15 0.343382 0.694079 0.158824 0.153947
15 0.176838 0.680921 0.150735 0.156579
15 0.185662 0.841447 0.153676 0.146053
15 0.352574 0.855263 0.158088 0.150000
15 0.522426 0.859211 0.158088 0.142105
15 0.694118 0.853947 0.157353 0.131579
15 0.856985 0.845395 0.155147 0.135526
