15 0.157667 0.205000 0.154000 0.132222
15 0.326667 0.200000 0.157333 0.126667
15 0.495667 0.198889 0.159333 0.128889
15 0.663667 0.188889 0.159333 0.131111
15 0.830667 0.177778 0.153333 0.137778
15 0.826667 0.329444 0.152000 0.127778
15 0.659667 0.341111 0.158000 0.126667
15 0.490000 0.350556 0.161333 0.136667
15 0.321333 0.356111 0.157333 0.130000
15 0.154000 0.357222 0.156000 0.130000
15 0.148000 0.511667 0.156000 0.134444
15 0.317333 0.508333 0.156000 0.136667
15 0.487000 0.497778 0.159333 0.131111
15 0.655000 0.492222 0.158000 0.122222
15 0.823333 0.478889 0.156000 0.115556
15 0.816333 0.634444 0.156667 0.122222
15 0.650667 0.645000 0.157333 0.118889
15 0.481667 0.650000 0.160667 0.124444
15 0.315333 0.658333 0.160000 0.127778
15 0.150000 0.657778 0.154667 0.133333
15 0.152667 0.806111 0.156000 0.132222
15 0.318333 0.801111 0.156667 0.122222
15 0.484333 0.798889 0.156667 0.126667
15 0.648333 0.792778 0.154000 0.123333
15 0.812000 0.785000 0.158667 0.125556
